0 290|0 -290|-790 0|
0 290|0 -290|-785.5 0|
0 290|0 -290|-781 0|
0 290|0 -290|-776.5 0|
0 290|0 -290|-772 0|
0 290|0 -290|-767.5 0|
0 290|0 -290|-763 0|
0 290|0 -290|-758.5 0|
0 290|0 -290|-754 0|
0 290|0 -290|-749.5 0|
0 290|0 -290|-745 0|
0 290|0 -290|-740.5 0|
0 290|0 -290|-736 0|
0 290|0 -290|-731.502 0|
0 290|0 -290|-727.026 0|
0 290|0 -290|-722.584 0|
0 290|0 -290|-718.147 0|
0 290|0 -290|-713.709 0|
0 290|0 -290|-709.275 0|
0 290|0 -290|-704.855 0|
0 290|0 -290|-700.435 0|
0 290|0 -290|-696.019 0|
0 290|0 -290|-691.621 0|
0 290|0 -290|-687.224 0|
0 290|0 -290|-682.828 0|
0 290|0 -290|-678.431 0|
0 290|0 -290|-674.043 0|
0 290|0 -290|-669.675 0|
0 290|0 -290|-665.315 -0.00016983|
0 290|0 -290|-660.961 -0.000407592|
0 290|0 -290|-656.612 -0.000679321|
0 290|0 -290|-652.263 -0.000917083|
0 290|0 -290|-647.914 -0.00118881|
0 290|0 -290|-643.567 -0.00142657|
0 290|0 -290|-639.23 -0.0016983|
0 290|0 -290|-634.894 -0.00193606|
0 290|0 -290|-630.558 -0.00220779|
0 290|0 -290|-626.233 -0.00244555|
0 290|0 -290|-621.924 -0.00271728|
0 290|0 -290|-617.616 -0.00295504|
0 290|0 -290|-613.317 -0.00322677|
0 290|0 -290|-609.024 -0.00346454|
0 290|0 -290|-604.733 -0.00373626|
0 290|0 -290|-600.442 -0.00397403|
0 290|0 -290|-596.159 -0.00424575|
0 290|0 -290|-591.88 -0.00448352|
0 290|0 -290|-587.607 -0.00475524|
0 290|0 -290|-583.343 -0.00499301|
0 290|0 -290|-579.095 -0.00526474|
0 290|0 -290|-574.855 -0.0055025|
0 290|0 -290|-570.632 -0.00577423|
0 290|0 -290|-566.418 -0.00601199|
0 290|0 -290|-562.207 -0.00628372|
0 290|0 -290|-557.996 -0.00652148|
0 290|0 -290|-553.784 -0.00679321|
0 290|0 -290|-549.573 -0.0065519|
0 290|0 -290|-545.365 -0.00634461|
0 290|0 -290|-541.165 -0.0061033|
0 290|0 -290|-536.969 -0.00589602|
0 290|0 -290|-532.774 -0.00565471|
0 290|0 -290|-528.586 -0.00544743|
0 290|0 -290|-524.401 -0.00520612|
0 290|0 -290|-520.229 -0.00499884|
0 290|0 -290|-516.057 -0.00475753|
0 290|0 -290|-511.887 -0.00455024|
0 290|0 -290|-507.717 -0.00430893|
0 290|0 -290|-503.547 -0.00410165|
0 290|0 -290|-499.379 -0.00386034|
0 290|0 -290|-495.218 -0.00365306|
0 290|0 -290|-491.058 -0.00341175|
0 290|0 -290|-486.897 -0.00320447|
0 290|0 -290|-482.743 -0.00296316|
0 290|0 -290|-478.591 -0.00275588|
0 290|0 -290|-474.445 -0.00215622|
0 290|0 -290|-470.307 -0.00159064|
0 290|0 -290|-466.174 -0.000990976|
0 290|0 -290|-462.042 -0.000459473|
0 290|0 -290|-457.919 -0.000783789|
0 290|0 -290|-453.804 -0.00121666|
0 290|0 -290|-449.689 -0.0017581|
0 290|0 -290|-445.584 -0.00219097|
0 290|0 -290|-441.485 -0.00273241|
0 290|0 -290|-437.387 -0.00316528|
0 290|0 -290|-433.293 -0.00291807|
0 290|0 -290|-429.203 -0.00197751|
0 290|0 -290|-425.113 -0.000935023|
0 290|0 -290|-421.022 -3.43361e-06|
0 290|0 -290|-416.935 0.00104793|
0 290|0 -290|-412.86 0.00741741|
0 290|0 -290|-408.786 0.0187082|
0 290|0 -290|-404.718 0.0301564|
0 290|0 -290|-400.653 0.041447|
0 290|0 -290|-396.595 0.0528952|
0 290|0 -290|-392.537 0.0641861|
0 290|0 -290|-388.489 0.0756339|
0 290|0 -290|-384.446 0.0869252|
0 290|0 -290|-380.402 0.0983724|
0 290|0 -290|-376.361 0.109664|
0 290|0 -290|-372.324 0.121111|
0 290|0 -290|-368.314 0.132404|
0 290|0 -290|-364.307 0.143849|
0 290|0 -290|-360.299 0.155143|
0 290|0 -290|-356.291 0.166587|
0 290|0 -290|-352.286 0.177883|
0 290|0 -290|-348.287 0.189325|
0 290|0 -290|-344.289 0.200623|
0 290|0 -290|-340.294 0.215104|
0 290|0 -290|-336.298 0.229913|
0 290|0 -290|-332.309 0.24486|
0 290|0 -290|-328.325 0.261529|
0 290|0 -290|-324.344 0.279536|
0 290|0 -290|-320.364 0.297435|
0 290|0 -290|-316.384 0.315443|
0 290|0 -290|-312.407 0.333342|
0 290|0 -290|-308.44 0.354598|
0 290|0 -290|-304.475 0.373847|
0 290|0 -290|-300.52 0.393511|
0 290|0 -290|-296.568 0.413069|
0 290|0 -290|-292.623 0.432733|
0 290|0 -290|-288.678 0.452291|
0 290|0 -290|-284.736 0.471955|
0 290|0 -290|-280.795 0.491726|
0 290|0 -290|-276.859 0.512137|
0 290|0 -290|-272.932 0.532548|
0 290|0 -290|-269.011 0.552959|
0 290|0 -290|-265.09 0.57337|
0 290|0 -290|-261.175 0.593504|
0 290|0 -290|-257.26 0.619468|
0 290|0 -290|-253.345 0.647862|
0 290|0 -290|-249.432 0.677448|
0 290|0 -290|-245.52 0.714783|
0 290|0 -290|-241.619 0.750598|
0 290|0 -290|-237.725 0.78413|
0 290|0 -290|-233.845 0.817662|
0 290|0 -290|-229.974 0.851194|
0 290|0 -290|-226.104 0.887105|
0 290|0 -290|-222.234 0.923015|
0 290|0 -290|-218.367 0.961154|
0 290|0 -290|-214.502 1.00023|
0 290|0 -290|-210.644 1.0393|
0 290|0 -290|-206.785 1.08391|
0 290|0 -290|-202.926 1.12851|
0 290|0 -290|-199.079 1.17311|
0 290|0 -290|-195.236 1.21771|
0 290|0 -290|-191.393 1.26169|
0 290|0 -290|-187.551 1.30707|
0 290|0 -290|-183.719 1.35216|
0 290|0 -290|-179.891 1.39725|
0 290|0 -290|-176.066 1.44179|
0 290|0 -290|-172.242 1.48523|
0 290|0 -290|-168.417 1.52867|
0 290|0 -290|-164.599 1.57211|
0 290|0 -290|-160.785 1.61748|
0 290|0 -290|-156.971 1.66269|
0 290|0 -290|-153.164 1.70288|
0 290|0 -290|-149.357 1.74287|
0 290|0 -290|-145.555 1.78286|
0 290|0 -290|-141.752 1.82285|
0 290|0 -290|-137.95 1.86284|
0 290|0 -290|-134.154 1.90024|
0 290|0 -290|-130.357 1.93634|
0 290|0 -290|-126.561 1.97245|
0 290|0 -290|-122.771 2.00856|
0 290|0 -290|-118.98 2.04306|
0 290|0 -290|-115.19 2.07437|
0 290|0 -290|-111.4 2.10568|
0 290|0 -290|-107.629 2.13699|
0 290|0 -290|-103.862 2.16831|
0 290|0 -290|-100.099 2.19962|
0 290|0 -290|-96.3416 2.23709|
0 290|0 -290|-92.5846 2.27764|
0 290|0 -290|-88.8276 2.3182|
0 290|0 -290|-85.0707 2.35875|
0 290|0 -290|-81.3137 2.39931|
0 290|0 -290|-77.5602 2.43819|
0 290|0 -290|-73.8093 2.47741|
0 290|0 -290|-70.059 2.51868|
0 290|0 -290|-66.3148 2.55642|
0 290|0 -290|-62.5747 2.58818|
0 290|0 -290|-58.8345 2.61576|
0 290|0 -290|-55.0943 2.64333|
0 290|0 -290|-51.3541 2.6709|
0 290|0 -290|-47.6143 2.69427|
0 290|0 -290|-43.8824 2.71397|
0 290|0 -290|-40.1656 2.73368|
0 290|0 -290|-36.4519 2.75338|
0 290|0 -290|-32.743 2.77308|
0 290|0 -290|-29.034 2.79279|
0 290|0 -290|-25.3251 2.81249|
0 290|0 -290|-21.6161 2.83219|
0 290|0 -290|-17.9072 2.8519|
0 290|0 -290|-14.2008 2.8716|
0 290|0 -290|-10.4962 2.89237|
0 290|0 -290|-6.79155 2.90178|
0 290|0 -290|-3.09354 2.90392|
0 290|0 -290|0.601984 2.90606|
0 290|0 -290|4.2955 2.90737|
0 290|0 -290|7.98767 2.897|
0 290|0 -290|11.6794 2.88276|
0 290|0 -290|15.3648 2.86825|
0 290|0 -290|19.0457 2.85374|
0 290|0 -290|22.7106 2.83828|
0 290|0 -290|26.3582 2.82199|
0 290|0 -290|29.9974 2.8057|
0 290|0 -290|33.6254 2.78941|
0 290|0 -290|37.2488 2.77952|
0 290|0 -290|40.8658 2.77892|
0 290|0 -290|44.4768 2.78015|
0 290|0 -290|48.0879 2.78296|
0 290|0 -290|51.6936 2.79014|
0 290|0 -290|55.2946 2.79731|
0 290|0 -290|58.8921 2.80449|
0 290|0 -290|62.4891 2.81167|
0 290|0 -290|66.0861 2.81884|
0 290|0 -290|69.6831 2.82602|
0 290|0 -290|73.2801 2.83319|
0 290|0 -290|76.8771 2.84037|
0 290|0 -290|80.4696 2.84755|
0 290|0 -290|84.0574 2.85418|
0 290|0 -290|87.6452 2.85932|
0 290|0 -290|91.233 2.86445|
0 290|0 -290|94.8208 2.86959|
0 290|0 -290|98.4079 2.87473|
0 290|0 -290|101.994 2.87986|
0 290|0 -290|105.577 2.885|
0 290|0 -290|109.159 2.8881|
0 290|0 -290|112.729 2.88648|
0 290|0 -290|116.29 2.88403|
0 290|0 -290|119.85 2.88157|
0 290|0 -290|123.408 2.87912|
0 290|0 -290|126.95 2.87952|
0 290|0 -290|130.483 2.88182|
0 290|0 -290|134.016 2.88412|
0 290|0 -290|137.548 2.88642|
0 290|0 -290|141.078 2.89139|
0 290|0 -290|144.608 2.90038|
0 290|0 -290|148.137 2.90937|
0 290|0 -290|151.659 2.91835|
0 290|0 -290|155.172 2.92734|
0 290|0 -290|158.684 2.93633|
0 290|0 -290|162.195 2.94531|
0 290|0 -290|165.697 2.9543|
0 290|0 -290|169.198 2.96323|
0 290|0 -290|172.695 2.97269|
0 290|0 -290|176.188 2.9819|
0 290|0 -290|179.666 2.99136|
0 290|0 -290|183.139 3.00057|
0 290|0 -290|186.612 3.01002|
0 290|0 -290|190.085 3.01924|
0 290|0 -290|193.557 3.02869|
0 290|0 -290|197.028 3.03635|
0 290|0 -290|200.48 3.04706|
0 290|0 -290|203.929 3.05468|
0 290|0 -290|207.378 3.05769|
0 290|0 -290|210.819 3.05003|
0 290|0 -290|214.257 3.03704|
0 290|0 -290|217.695 3.01845|
0 290|0 -290|221.132 2.99855|
0 290|0 -290|224.567 2.97471|
0 290|0 -290|227.996 2.95111|
0 290|0 -290|231.422 2.9235|
0 290|0 -290|234.847 2.89614|
0 290|0 -290|238.269 2.86853|
0 290|0 -290|241.691 2.83637|
0 290|0 -290|245.112 2.80221|
0 290|0 -290|248.524 2.76831|
0 290|0 -290|251.936 2.73415|
0 290|0 -290|255.347 2.70025|
0 290|0 -290|258.756 2.66609|
0 290|0 -290|262.161 2.63219|
0 290|0 -290|265.559 2.59803|
0 290|0 -290|268.957 2.56413|
0 290|0 -290|272.352 2.52997|
0 290|0 -290|275.738 2.49607|
0 290|0 -290|279.123 2.46277|
0 290|0 -290|282.509 2.42074|
0 290|0 -290|285.884 2.37366|
0 290|0 -290|289.248 2.32682|
0 290|0 -290|292.606 2.28143|
0 290|0 -290|295.96 2.23671|
0 290|0 -290|299.31 2.19175|
0 290|0 -290|302.661 2.14703|
0 290|0 -290|306.004 2.10207|
0 290|0 -290|309.34 2.05714|
0 290|0 -290|312.672 2.00928|
0 290|0 -290|316.002 1.96626|
0 290|0 -290|319.331 1.92592|
0 290|0 -290|322.66 1.88583|
0 290|0 -290|325.983 1.84505|
0 290|0 -290|329.302 1.80365|
0 290|0 -290|332.62 1.76015|
0 290|0 -290|335.938 1.71095|
0 290|0 -290|339.256 1.6596|
0 290|0 -290|342.574 1.60757|
0 290|0 -290|345.888 1.55158|
0 290|0 -290|349.203 1.49525|
0 290|0 -290|352.514 1.43779|
0 290|0 -290|355.822 1.38058|
0 290|0 -290|359.118 1.32313|
0 290|0 -290|362.41 1.26591|
0 290|0 -290|365.7 1.20866|
0 290|0 -290|368.989 1.15185|
0 290|0 -290|372.278 1.09475|
0 290|0 -290|375.563 1.03793|
0 290|0 -290|378.849 0.98047|
0 290|0 -290|382.135 0.920896|
0 290|0 -290|385.42 0.861067|
0 290|0 -290|388.706 0.801485|
0 290|0 -290|391.99 0.741663|
0 290|0 -290|395.268 0.681401|
0 290|0 -290|398.539 0.605486|
0 290|0 -290|401.811 0.525673|
0 290|0 -290|405.077 0.452142|
0 290|0 -290|408.343 0.378809|
0 290|0 -290|411.609 0.308171|
0 290|0 -290|414.875 0.242029|
0 290|0 -290|418.141 0.179506|
0 290|0 -290|421.408 0.122831|
0 290|0 -290|424.674 0.067772|
0 290|0 -290|427.94 0.0146467|
0 290|0 -290|431.206 -0.0386141|
0 290|0 -290|434.47 -0.0914446|
0 290|0 -290|437.727 -0.143165|
0 290|0 -290|440.985 -0.193802|
0 290|0 -290|444.237 -0.244347|
0 290|0 -290|447.488 -0.294988|
0 290|0 -290|450.733 -0.347988|
0 290|0 -290|453.972 -0.398254|
0 290|0 -290|457.208 -0.444477|
0 290|0 -290|460.443 -0.490809|
0 290|0 -290|463.678 -0.537029|
0 290|0 -290|466.912 -0.583364|
0 290|0 -290|470.147 -0.629599|
0 290|0 -290|473.381 -0.676002|
0 290|0 -290|476.613 -0.724804|
0 290|0 -290|479.843 -0.775915|
0 290|0 -290|483.072 -0.826915|
0 290|0 -290|486.302 -0.876095|
0 290|0 -290|489.519 -0.924837|
0 290|0 -290|492.737 -0.973685|
0 290|0 -290|495.954 -1.022|
0 290|0 -290|499.171 -1.06722|
0 290|0 -290|502.387 -1.10951|
0 290|0 -290|505.602 -1.15191|
0 290|0 -290|508.816 -1.19419|
0 290|0 -290|512.029 -1.23659|
0 290|0 -290|515.242 -1.27888|
0 290|0 -290|518.456 -1.32128|
0 290|0 -290|521.669 -1.36357|
0 290|0 -290|524.877 -1.40597|
0 290|0 -290|528.082 -1.44826|
0 290|0 -290|531.287 -1.49235|
0 290|0 -290|534.492 -1.54057|
0 290|0 -290|537.697 -1.58885|
0 290|0 -290|540.902 -1.63702|
0 290|0 -290|544.107 -1.68531|
0 290|0 -290|547.31 -1.73397|
0 290|0 -290|550.509 -1.78759|
0 290|0 -290|553.708 -1.84075|
0 290|0 -290|556.908 -1.8921|
0 290|0 -290|560.107 -1.94358|
0 290|0 -290|563.306 -1.99492|
0 290|0 -290|566.505 -2.04641|
0 290|0 -290|569.705 -2.09775|
0 290|0 -290|572.904 -2.14744|
0 290|0 -290|576.103 -2.19634|
0 290|0 -290|579.303 -2.24537|
0 290|0 -290|582.502 -2.29427|
0 290|0 -290|585.701 -2.34778|
0 290|0 -290|588.9 -2.40858|
0 290|0 -290|592.096 -2.46708|
0 290|0 -290|595.292 -2.53349|
0 290|0 -290|598.483 -2.60033|
0 290|0 -290|601.671 -2.66704|
0 290|0 -290|604.858 -2.73389|
0 290|0 -290|608.045 -2.8006|
0 290|0 -290|611.231 -2.8669|
0 290|0 -290|614.417 -2.93267|
0 290|0 -290|617.599 -2.99844|
0 290|0 -290|620.779 -3.06326|
0 290|0 -290|623.956 -3.12551|
0 290|0 -290|627.133 -3.18776|
0 290|0 -290|630.31 -3.25293|
0 290|0 -290|633.489 -3.32005|
0 290|0 -290|636.663 -3.38717|
0 290|0 -290|639.837 -3.45429|
0 290|0 -290|643.01 -3.52141|
0 290|0 -290|646.182 -3.58639|
0 290|0 -290|649.353 -3.65122|
0 290|0 -290|652.525 -3.71605|
0 290|0 -290|655.696 -3.78246|
0 290|0 -290|658.868 -3.85066|
0 290|0 -290|662.039 -3.91887|
0 290|0 -290|665.211 -3.98708|
0 290|0 -290|668.382 -4.05528|
0 290|0 -290|671.554 -4.12395|
0 290|0 -290|674.725 -4.19446|
0 290|0 -290|677.896 -4.26497|
0 290|0 -290|681.068 -4.33548|
0 290|0 -290|684.239 -4.40599|
0 290|0 -290|687.411 -4.47774|
0 290|0 -290|690.582 -4.55608|
0 290|0 -290|693.754 -4.63368|
0 290|0 -290|696.925 -4.70748|
0 290|0 -290|700.096 -4.78127|
0 290|0 -290|703.268 -4.85506|
0 290|0 -290|706.439 -4.92885|
0 290|0 -290|709.611 -5.00265|
0 290|0 -290|712.782 -5.07644|
0 290|0 -290|715.954 -5.15023|
0 290|0 -290|719.123 -5.22402|
0 290|0 -290|722.292 -5.29781|
0 290|0 -290|725.461 -5.37161|
0 290|0 -290|728.627 -5.44498|
0 290|0 -290|731.793 -5.50917|
0 290|0 -290|734.959 -5.5738|
0 290|0 -290|738.124 -5.63843|
0 290|0 -290|741.29 -5.70306|
0 290|0 -290|744.455 -5.76768|
0 290|0 -290|747.621 -5.83231|
0 290|0 -290|750.786 -5.89694|
0 290|0 -290|753.952 -5.96157|
0 290|0 -290|757.118 -6.02619|
0 290|0 -290|760.283 -6.08991|
0 290|0 -290|763.449 -6.15178|
0 290|0 -290|766.614 -6.21366|
0 290|0 -290|769.78 -6.27554|
0 290|0 -290|772.946 -6.33742|
0 290|0 -290|776.111 -6.3993|
0 290|0 -290|779.277 -6.46118|
0 290|0 -290|782.442 -6.52306|
0 290|0 -290|785.608 -6.58815|
0 290|0 -290|788.773 -6.65499|
0 290|0 -290|791.939 -6.7222|
0 290|0 -290|795.106 -6.78941|
0 290|0 -290|798.273 -6.85663|
0 290|0 -290|801.44 -6.92384|
0 290|0 -290|804.607 -6.99043|
0 290|0 -290|807.774 -7.05632|
0 290|0 -290|810.94 -7.1222|
0 290|0 -290|814.107 -7.18808|
0 290|0 -290|817.274 -7.25397|
0 290|0 -290|820.441 -7.31985|
0 290|0 -290|823.608 -7.38573|
0 290|0 -290|826.775 -7.45162|
0 290|0 -290|829.942 -7.5175|
0 290|0 -290|833.109 -7.58338|
0 290|0 -290|836.276 -7.64927|
0 290|0 -290|839.443 -7.71515|
0 290|0 -290|842.609 -7.78103|
0 290|0 -290|845.773 -7.84691|
0 290|0 -290|848.938 -7.9128|
0 290|0 -290|852.103 -7.97868|
0 290|0 -290|855.268 -8.04456|
0 290|0 -290|858.433 -8.11045|
0 290|0 -290|861.598 -8.17633|
0 290|0 -290|864.763 -8.24221|
0 290|0 -290|867.928 -8.30802|
0 290|0 -290|871.093 -8.37277|
0 290|0 -290|874.258 -8.43753|
0 290|0 -290|877.422 -8.50228|
0 290|0 -290|880.587 -8.56703|
0 290|0 -290|883.752 -8.63179|
0 290|0 -290|886.917 -8.69654|
0 290|0 -290|890.082 -8.76129|
0 290|0 -290|893.247 -8.82605|
0 290|0 -290|896.412 -8.8908|
0 290|0 -290|899.577 -8.95555|
0 290|0 -290|902.742 -9.02031|
0 290|0 -290|905.907 -9.08506|
0 290|0 -290|909.072 -9.14981|
0 290|0 -290|912.236 -9.21457|
0 290|0 -290|915.401 -9.27932|
0 290|0 -290|918.566 -9.34407|
0 290|0 -290|921.731 -9.40883|
0 290|0 -290|924.896 -9.47358|
0 290|0 -290|928.061 -9.53833|
0 290|0 -290|931.226 -9.60309|
0 290|0 -290|934.391 -9.66784|
0 290|0 -290|937.556 -9.73259|
0 290|0 -290|940.721 -9.79735|
0 290|0 -290|943.886 -9.8621|
0 290|0 -290|947.05 -9.92685|
0 290|0 -290|950.215 -9.99161|
0 290|0 -290|953.38 -10.0564|
0 290|0 -290|956.545 -10.1211|
0 290|0 -290|959.71 -10.1859|
0 290|0 -290|962.875 -10.2506|
0 290|0 -290|966.04 -10.3154|
0 290|0 -290|969.205 -10.3801|
0 290|0 -290|972.37 -10.4449|
0 290|0 -290|975.535 -10.5096|
0 290|0 -290|978.699 -10.5744|
0 290|0 -290|981.864 -10.6391|
0 290|0 -290|985.029 -10.7039|
0 290|0 -290|988.194 -10.7686|
0 290|0 -290|991.359 -10.8334|
0 290|0 -290|994.524 -10.8982|
0 290|0 -290|997.689 -10.9629|
0 290|0 -290|1000.85 -11.0277|
0 290|0 -290|1004.02 -11.0924|
0 290|0 -290|1007.18 -11.1572|
0 290|0 -290|1010.35 -11.2219|
0 290|0 -290|1013.51 -11.2867|
0 290|0 -290|1016.68 -11.3514|
0 290|0 -290|1019.84 -11.4162|
0 290|0 -290|1023.01 -11.4809|
0 290|0 -290|1026.17 -11.5457|
0 290|0 -290|1029.34 -11.6104|
0 290|0 -290|1032.5 -11.6752|
0 290|0 -290|1035.66 -11.7399|
0 290|0 -290|1038.83 -11.8047|
0 290|0 -290|1041.99 -11.8695|
0 290|0 -290|1045.15 -11.9342|
0 290|0 -290|1048.32 -11.999|
0 290|0 -290|1051.48 -12.0637|
0 290|0 -290|1054.64 -12.1285|
0 290|0 -290|1057.81 -12.1932|
0 290|0 -290|1060.97 -12.258|
0 290|0 -290|1064.13 -12.3227|
0 290|0 -290|1067.29 -12.3875|
0 290|0 -290|1070.46 -12.4522|
0 290|0 -290|1073.62 -12.517|
0 290|0 -290|1076.78 -12.5817|
0 290|0 -290|1079.95 -12.6465|
0 290|0 -290|1083.11 -12.7112|
0 290|0 -290|1086.27 -12.776|
0 290|0 -290|1089.44 -12.8408|
0 290|0 -290|1092.6 -12.9055|
0 290|0 -290|1095.76 -12.9703|
0 290|0 -290|1098.92 -13.035|
0 290|0 -290|1102.08 -13.0998|
0 290|0 -290|1105.24 -13.1645|
0 290|0 -290|1108.4 -13.2293|
0 290|0 -290|1111.57 -13.294|
0 290|0 -290|1114.73 -13.3588|
0 290|0 -290|1117.89 -13.4235|
0 290|0 -290|1121.05 -13.4883|
0 290|0 -290|1124.21 -13.553|
0 290|0 -290|1127.37 -13.6178|
0 290|0 -290|1130.53 -13.6825|
0 290|0 -290|1133.69 -13.7473|
0 290|0 -290|1136.85 -13.8121|
0 290|0 -290|1140.01 -13.8768|
0 290|0 -290|1143.17 -13.9416|
0 290|0 -290|1146.33 -14.0063|
0 290|0 -290|1149.5 -14.0711|
0 290|0 -290|1152.66 -14.1364|
0 290|0 -290|1155.82 -14.2021|
0 290|0 -290|1158.98 -14.2677|
0 290|0 -290|1162.14 -14.3333|
0 290|0 -290|1165.3 -14.399|
0 290|0 -290|1168.46 -14.4646|
0 290|0 -290|1171.62 -14.5302|
0 290|0 -290|1174.78 -14.5959|
0 290|0 -290|1177.94 -14.6615|
0 290|0 -290|1181.1 -14.7272|
0 290|0 -290|1184.26 -14.7928|
0 290|0 -290|1187.43 -14.8584|
0 290|0 -290|1190.59 -14.9241|
0 290|0 -290|1193.75 -14.9897|
0 290|0 -290|1196.91 -15.0553|
0 290|0 -290|1200.07 -15.121|
0 290|0 -290|1203.23 -15.1866|
0 290|0 -290|1206.39 -15.2523|
0 290|0 -290|1209.54 -15.3179|
0 290|0 -290|1212.7 -15.3835|
0 290|0 -290|1215.86 -15.4492|
0 290|0 -290|1219.02 -15.5148|
0 290|0 -290|1222.18 -15.5804|
0 290|0 -290|1225.34 -15.6461|
0 290|0 -290|1228.5 -15.7117|
0 290|0 -290|1231.66 -15.7774|
0 290|0 -290|1234.82 -15.843|
0 290|0 -290|1237.98 -15.9086|
0 290|0 -290|1241.14 -15.9743|
0 290|0 -290|1244.3 -16.0399|
0 290|0 -290|1247.46 -16.1055|
0 290|0 -290|1250.62 -16.1712|
0 290|0 -290|1253.78 -16.2368|
0 290|0 -290|1256.94 -16.3025|
0 290|0 -290|1260.1 -16.3681|
0 290|0 -290|1263.26 -16.4337|
0 290|0 -290|1266.42 -16.4994|
0 290|0 -290|1269.58 -16.565|
0 290|0 -290|1272.74 -16.6306|
0 290|0 -290|1275.91 -16.6963|
0 290|0 -290|1279.07 -16.7619|
0 290|0 -290|1282.23 -16.8276|
0 290|0 -290|1285.39 -16.8932|
0 290|0 -290|1288.55 -16.9588|
0 290|0 -290|1291.71 -17.0245|
0 290|0 -290|1294.87 -17.0901|
0 290|0 -290|1298.04 -17.1558|
0 290|0 -290|1301.2 -17.2214|
0 290|0 -290|1304.36 -17.287|
0 290|0 -290|1307.52 -17.3527|
0 290|0 -290|1310.68 -17.4183|
0 290|0 -290|1313.84 -17.4839|
0 290|0 -290|1317 -17.5496|
0 290|0 -290|1320.16 -17.6152|
0 290|0 -290|1323.32 -17.6809|
0 290|0 -290|1326.48 -17.7465|
0 290|0 -290|1329.64 -17.8121|
0 290|0 -290|1332.8 -17.8778|
0 290|0 -290|1335.96 -17.9434|
0 290|0 -290|1339.12 -18.009|
0 290|0 -290|1342.28 -18.0747|
0 290|0 -290|1345.44 -18.1403|
0 290|0 -290|1348.6 -18.206|
0 290|0 -290|1351.76 -18.2716|
0 290|0 -290|1354.92 -18.3372|
0 290|0 -290|1358.08 -18.4029|
0 290|0 -290|1361.25 -18.4685|
0 290|0 -290|1364.41 -18.5341|
0 290|0 -290|1367.57 -18.5998|
0 290|0 -290|1370.73 -18.6654|
0 290|0 -290|1373.89 -18.7311|
0 290|0 -290|1377.05 -18.7967|
0 290|0 -290|1380.21 -18.8623|
0 290|0 -290|1383.37 -18.928|
0 290|0 -290|1386.53 -18.9936|
0 290|0 -290|1389.69 -19.0592|
0 290|0 -290|1392.85 -19.1249|
0 290|0 -290|1396.01 -19.1905|
0 290|0 -290|1399.17 -19.2562|
0 290|0 -290|1402.32 -19.3218|
0 290|0 -290|1405.48 -19.3874|
0 290|0 -290|1408.64 -19.4531|
0 290|0 -290|1411.8 -19.5187|
0 290|0 -290|1414.95 -19.5843|
0 290|0 -290|1418.11 -19.65|
0 290|0 -290|1421.27 -19.7156|
0 290|0 -290|1424.43 -19.7813|
0 290|0 -290|1427.59 -19.8469|
0 290|0 -290|1430.74 -19.9125|
0 290|0 -290|1433.9 -19.9782|
0 290|0 -290|1437.06 -20.0438|
0 290|0 -290|1440.21 -20.1095|
0 290|0 -290|1443.37 -20.1751|
0 290|0 -290|1446.53 -20.2407|
0 290|0 -290|1449.68 -20.3064|
0 290|0 -290|1452.84 -20.372|
0 290|0 -290|1455.99 -20.4376|
0 290|0 -290|1459.15 -20.5033|
0 290|0 -290|1462.31 -20.5689|
0 290|0 -290|1465.46 -20.6346|
0 290|0 -290|1468.62 -20.7002|
0 290|0 -290|1471.78 -20.7658|
0 290|0 -290|1474.93 -20.8315|
0 290|0 -290|1478.09 -20.8971|
0 290|0 -290|1481.24 -20.9627|
0 290|0 -290|1484.4 -21.0284|
0 290|0 -290|1487.56 -21.094|
0 290|0 -290|1490.71 -21.1597|
0 290|0 -290|1493.87 -21.2253|
0 290|0 -290|1497.03 -21.2909|
0 290|0 -290|1500.18 -21.3566|
0 290|0 -290|1503.34 -21.4222|
0 290|0 -290|1506.49 -21.4878|
