0 0|0 0|300 0|
0 0|0 0|300 0|
0 0|0 0|300 0|
0 0|0 0|300 0|
0 0|0 0|300 0|
0 0|0 0|300 0|
0 0|0 0|300 0|
0 0|0 0|300 0|
0 0|0 0|300 0|
0 0|0 0|300 0|
0 0|0 0|300 0|
0 0|0 0|300 0|
0 0|0 0|300 0|
0 0|0 0|299.363 0|
0 0|0 0|297.562 0|
0 0|0 0|295.848 0|
0 0|0 0|295.848 0|
0 0|0 0|295.848 0|
0 0|0 0|295.225 0|
0 0|0 0|294.647 0|
0 0|0 0|294.647 0|
0 0|0 0|294.078 0|
0 0|0 0|293.107 0|
0 0|0 0|293.107 0|
0 0|0 0|293.107 0|
0 0|0 0|293.107 0|
0 0|0 0|292.5 0|
0 0|0 0|290.977 0|
0 0|0 0|290.447 2.77556e-17|
0 0|0 0|289.986 -0.033966|
0 0|0 0|289.986 1.38778e-16|
0 0|0 0|289.986 -0.033966|
0 0|0 0|289.465 2.498e-16|
0 0|0 0|289.157 -0.033966|
0 0|0 0|288.67 3.53884e-16|
0 0|0 0|288.67 -0.033966|
0 0|0 0|288.67 4.57967e-16|
0 0|0 0|287.888 -0.033966|
0 0|0 0|287.718 5.6205e-16|
0 0|0 0|286.588 -0.033966|
0 0|0 0|286.016 6.66134e-16|
0 0|0 0|285.483 -0.033966|
0 0|0 0|285.051 7.70217e-16|
0 0|0 0|285.051 -0.033966|
0 0|0 0|285.051 8.8124e-16|
0 0|0 0|284.755 -0.033966|
0 0|0 0|284.755 9.92262e-16|
0 0|0 0|283.298 -0.033966|
0 0|0 0|282.909 1.00614e-15|
0 0|0 0|282.259 -0.033966|
0 0|0 0|282.259 1.00614e-15|
0 0|0 0|282.259 -0.033966|
0 0|0 0|282.259 1.00614e-15|
0 0|0 0|281.93 -0.033966|
0 0|0 0|281.93 1.00614e-15|
0 0|0 0|281.93 -0.033966|
0 0|0 0|281.93 1.00614e-15|
0 0|0 0|281.387 -0.033966|
0 0|0 0|280.932 1.00614e-15|
0 0|0 0|280.932 -0.033966|
0 0|0 0|280.77 1.00614e-15|
0 0|0 0|280.77 -0.033966|
0 0|0 0|280.77 1.00614e-15|
0 0|0 0|280.77 -0.033966|
0 0|0 0|280.022 1.00614e-15|
0 0|0 0|279.825 -0.033966|
0 0|0 0|279.34 1.00614e-15|
0 0|0 0|278.718 -0.0439361|
0 0|0 0|277.778 -0.00999001|
0 0|0 0|276.988 -0.0439361|
0 0|0 0|276.519 -0.00999001|
0 0|0 0|276.398 -0.0439361|
0 0|0 0|276.398 -0.00999001|
0 0|0 0|276.031 -0.0439361|
0 0|0 0|276.031 -0.00999001|
0 0|0 0|276.031 -0.0439361|
0 0|0 0|274.807 -0.00999001|
0 0|0 0|274.807 -0.00999001|
0 0|0 0|274.807 -0.00999001|
0 0|0 0|274.807 -0.00999001|
0 0|0 0|274.807 -0.00999001|
0 0|0 0|273.716 -0.00999001|
0 0|0 0|273.294 -0.00999001|
0 0|0 0|272.181 -0.00999001|
0 0|0 0|271.619 -0.00999001|
0 0|0 0|270.045 0.0612217|
0 0|0 0|269.802 0.0612217|
0 0|0 0|269.802 0.0612217|
0 0|0 0|269.154 0.0612217|
0 0|0 0|268.809 0.0612217|
0 0|0 0|268.326 0.0612217|
0 0|0 0|268.326 0.0612217|
0 0|0 0|268.326 0.0612217|
0 0|0 0|268.326 0.0612217|
0 0|0 0|267.848 0.0612217|
0 0|0 0|267.419 0.0612217|
0 0|0 0|267.18 0.0612217|
0 0|0 0|266.826 0.0612217|
0 0|0 0|266.618 -0.0525833|
0 0|0 0|266.618 -0.0525833|
0 0|0 0|266.618 -0.0525833|
0 0|0 0|266.415 -0.0525833|
0 0|0 0|266.415 -0.0525833|
0 0|0 0|265.726 -0.0525833|
0 0|0 0|265.726 -0.0525833|
0 0|0 0|265.147 -0.0525833|
0 0|0 0|264.555 -0.0525833|
0 0|0 0|264.555 -0.0525833|
0 0|0 0|264.555 -0.0525833|
0 0|0 0|263.949 -0.0525833|
0 0|0 0|263.949 -0.0525833|
0 0|0 0|263.949 -0.0525833|
0 0|0 0|263.949 -0.0525833|
0 0|0 0|263.949 -0.0525833|
0 0|0 0|263.949 -0.0525833|
0 0|0 0|263.392 -0.0525833|
0 0|0 0|262.44 -0.0525833|
0 0|0 0|262.44 -0.0525833|
0 0|0 0|262.03 -0.0525833|
0 0|0 0|262.03 -0.0525833|
0 0|0 0|262.03 -0.0525833|
0 0|0 0|262.03 -0.0525833|
0 0|0 0|262.03 -0.0525833|
0 0|0 0|261.854 0.233567|
0 0|0 0|261.395 0.233567|
0 0|0 0|260.551 0.233567|
0 0|0 0|260.359 0.233567|
0 0|0 0|259.885 0.0868739|
0 0|0 0|259.885 0.0614424|
0 0|0 0|259.286 0.0614424|
0 0|0 0|259.058 0.0614424|
0 0|0 0|258.523 0.0614424|
0 0|0 0|257.798 0.0614424|
0 0|0 0|257.798 0.393152|
0 0|0 0|257.135 0.0438206|
0 0|0 0|256.624 -0.19606|
0 0|0 0|256.624 0.0438206|
0 0|0 0|256.624 -0.19606|
0 0|0 0|256.624 0.0438206|
0 0|0 0|256.624 -0.19606|
0 0|0 0|255.596 0.193725|
0 0|0 0|255.596 -0.647379|
0 0|0 0|255.596 -0.406596|
0 0|0 0|255.596 -0.647379|
0 0|0 0|255.596 -0.406596|
0 0|0 0|254.903 -0.647379|
0 0|0 0|255.37 -0.753064|
0 0|0 0|254.903 -0.993155|
0 0|0 0|255.37 -0.871449|
0 0|0 0|254.294 -1.1113|
0 0|0 0|254.761 -0.871449|
0 0|0 0|253.591 -1.1113|
0 0|0 0|254.058 -0.871449|
0 0|0 0|253.135 -1.1113|
0 0|0 0|253.601 -1.11521|
0 0|0 0|252.515 -0.846421|
0 0|0 0|252.581 -0.606036|
0 0|0 0|251.55 -0.846421|
0 0|0 0|251.562 -0.606036|
0 0|0 0|251.55 -0.846421|
0 0|0 0|251.562 -0.606036|
0 0|0 0|251.55 -0.846421|
0 0|0 0|251.431 -0.606036|
0 0|0 0|251.42 -0.846421|
0 0|0 0|250.767 -0.606036|
0 0|0 0|250.755 -0.961294|
0 0|0 0|250.767 -0.720681|
0 0|0 0|250.682 -0.961294|
0 0|0 0|250.695 -0.720681|
0 0|0 0|250.682 -0.961294|
0 0|0 0|250.695 -0.321177|
0 0|0 0|250.405 -0.899428|
0 0|0 0|250.203 -0.660292|
0 0|0 0|249.843 -0.899428|
0 0|0 0|249.855 -0.504248|
0 0|0 0|249.843 -0.743072|
0 0|0 0|249.855 -0.601391|
0 0|0 0|249.843 -0.838896|
0 0|0 0|248.571 -0.51478|
0 0|0 0|247.8 -0.769856|
0 0|0 0|247.812 0.128703|
0 0|0 0|246.678 -0.182363|
0 0|0 0|246.688 0.122926|
0 0|0 0|246.678 -0.176312|
0 0|0 0|246.688 -0.0946198|
0 0|0 0|246.346 -0.381803|
0 0|0 0|246.356 -0.101461|
0 0|0 0|245.599 -0.37471|
0 0|0 0|245.599 -0.108799|
0 0|0 0|245.599 -0.367133|
0 0|0 0|244.735 -0.116607|
0 0|0 0|244.735 -0.250713|
0 0|0 0|244.735 0.161519|
0 0|0 0|244.735 -0.0658668|
0 0|0 0|244.615 -0.126657|
0 0|0 0|244.204 -0.318007|
0 0|0 0|243.522 -0.114617|
0 0|0 0|243.001 -0.303222|
0 0|0 0|243.001 -0.49249|
0 0|0 0|243.001 -0.685417|
0 0|0 0|242.751 0.0961268|
0 0|0 0|242.751 -0.135762|
0 0|0 0|242.751 0.246263|
0 0|0 0|242.751 -0.0180468|
0 0|0 0|242.751 0.934441|
0 0|0 0|242.751 0.367989|
0 0|0 0|242.751 0.677229|
0 0|0 0|242.586 0.357231|
0 0|0 0|241.46 0.686768|
0 0|0 0|241.078 0.824774|
0 0|0 0|240.742 1.16679|
0 0|0 0|240.742 0.819022|
0 0|0 0|240.075 1.17125|
0 0|0 0|239.543 0.815872|
0 0|0 0|239.543 1.17308|
0 0|0 0|239.178 0.815359|
0 0|0 0|238.866 1.17227|
0 0|0 0|238.719 0.816796|
0 0|0 0|238.616 0.793595|
0 0|0 0|238.234 0.817957|
0 0|0 0|238.234 0.792456|
0 0|0 0|238.234 0.819073|
0 0|0 0|238.234 0.791363|
0 0|0 0|237.497 0.939511|
0 0|0 0|237.497 0.90774|
0 0|0 0|237.497 1.35297|
0 0|0 0|237.497 1.32203|
0 0|0 0|237.024 1.05583|
0 0|0 0|236.821 1.02429|
0 0|0 0|236.821 1.05583|
0 0|0 0|236.821 1.02429|
0 0|0 0|236.302 0.81879|
0 0|0 0|235.216 0.787725|
0 0|0 0|235.216 0.81879|
0 0|0 0|234.301 0.787725|
0 0|0 0|233.813 0.81879|
0 0|0 0|233.813 0.787725|
0 0|0 0|233.813 0.766003|
0 0|0 0|233.813 0.734833|
0 0|0 0|233.514 0.529911|
0 0|0 0|233.514 0.529911|
0 0|0 0|232.368 0.881285|
0 0|0 0|232.368 1.07079|
0 0|0 0|231.656 1.43608|
0 0|0 0|231.656 1.58253|
0 0|0 0|231.656 1.58253|
0 0|0 0|230.507 1.58253|
0 0|0 0|230.145 2.34258|
0 0|0 0|230.145 2.34258|
0 0|0 0|230.145 2.34258|
0 0|0 0|230.145 2.34258|
0 0|0 0|230.145 2.34258|
0 0|0 0|230.145 2.34258|
0 0|0 0|229.668 2.00042|
0 0|0 0|229.485 2.00042|
0 0|0 0|228.823 2.44286|
0 0|0 0|228.823 2.44286|
0 0|0 0|228.823 2.44286|
0 0|0 0|227.642 2.44286|
0 0|0 0|227.642 2.44286|
0 0|0 0|227.642 2.44286|
0 0|0 0|227.313 2.33814|
0 0|0 0|226.027 2.49466|
0 0|0 0|226.027 2.49466|
0 0|0 0|226.027 2.81966|
0 0|0 0|226.027 2.81966|
0 0|0 0|225.934 2.81966|
0 0|0 0|225.934 2.81966|
0 0|0 0|224.946 2.81966|
0 0|0 0|224.946 2.55905|
0 0|0 0|224.241 2.55905|
0 0|0 0|224.241 2.55905|
0 0|0 0|223.881 2.77005|
0 0|0 0|223.464 3.30302|
0 0|0 0|223.464 3.30302|
0 0|0 0|223.464 3.20458|
0 0|0 0|223.155 3.20458|
0 0|0 0|223.155 3.66235|
0 0|0 0|222.367 3.66235|
0 0|0 0|221.985 3.87678|
0 0|0 0|221.985 3.87678|
0 0|0 0|221.985 3.87678|
0 0|0 0|221.244 4.274|
0 0|0 0|221.244 4.274|
0 0|0 0|220.444 4.274|
0 0|0 0|220.444 4.274|
0 0|0 0|220.444 4.274|
0 0|0 0|220.444 4.274|
0 0|0 0|220.234 4.274|
0 0|0 0|220.234 4.274|
0 0|0 0|220.234 4.06065|
0 0|0 0|220.109 4.2523|
0 0|0 0|220.109 4.2523|
0 0|0 0|219.581 4.2523|
0 0|0 0|219.319 3.77789|
0 0|0 0|219.041 4.68301|
0 0|0 0|219.041 4.68301|
0 0|0 0|218.635 4.87852|
0 0|0 0|218.845 4.87852|
0 0|0 0|219.21 4.87852|
0 0|0 0|218.252 4.87852|
0 0|0 0|218.837 4.87852|
0 0|0 0|218.753 4.87852|
0 0|0 0|218.5 4.87852|
0 0|0 0|218.003 4.87852|
0 0|0 0|218.575 4.09046|
0 0|0 0|218.109 4.09046|
0 0|0 0|218.03 4.32123|
0 0|0 0|217.543 4.32123|
0 0|0 0|217.489 4.1392|
0 0|0 0|216.728 4.32123|
0 0|0 0|216.308 4.49657|
0 0|0 0|216.891 4.67836|
0 0|0 0|216.711 4.49657|
0 0|0 0|216.681 4.67836|
0 0|0 0|216.436 4.49657|
0 0|0 0|216.318 4.67836|
0 0|0 0|215.966 4.49657|
0 0|0 0|215.822 4.67836|
0 0|0 0|215.24 4.04009|
0 0|0 0|215.24 4.45915|
0 0|0 0|215.24 4.27875|
0 0|0 0|214.838 4.45915|
0 0|0 0|214.838 4.7985|
0 0|0 0|214.318 5.1122|
0 0|0 0|214.318 4.93102|
0 0|0 0|213.944 5.1122|
0 0|0 0|213.944 5.03217|
0 0|0 0|213.944 5.21355|
0 0|0 0|213.944 5.03217|
0 0|0 0|213.391 5.21355|
0 0|0 0|213.391 5.03217|
0 0|0 0|213.328 5.21355|
0 0|0 0|213.328 5.03217|
0 0|0 0|213.328 5.21355|
0 0|0 0|213.008 5.30842|
0 0|0 0|213.008 5.49035|
0 0|0 0|213.008 5.30842|
0 0|0 0|213.008 5.49035|
0 0|0 0|212.799 5.07524|
0 0|0 0|212.799 4.85584|
0 0|0 0|212.799 4.67518|
0 0|0 0|212.799 4.57751|
0 0|0 0|212.799 4.39629|
0 0|0 0|212.799 4.57751|
0 0|0 0|212.449 5.19686|
0 0|0 0|212.449 5.37969|
0 0|0 0|212.131 5.19686|
0 0|0 0|212.131 5.43222|
0 0|0 0|211.747 5.24929|
0 0|0 0|211.747 5.43222|
0 0|0 0|211.579 4.67702|
0 0|0 0|211.579 4.86109|
0 0|0 0|211.579 4.67702|
0 0|0 0|211.579 4.86109|
0 0|0 0|211.579 4.67702|
0 0|0 0|211.579 4.86109|
0 0|0 0|211.224 4.38516|
0 0|0 0|211.224 4.96357|
0 0|0 0|211.224 4.77971|
0 0|0 0|211.224 4.96357|
0 0|0 0|211.224 4.57841|
0 0|0 0|210.856 4.49954|
0 0|0 0|210.706 4.3158|
0 0|0 0|210.706 3.69077|
0 0|0 0|210.706 3.70821|
0 0|0 0|210.543 3.89185|
0 0|0 0|210.543 3.70821|
0 0|0 0|210.543 3.89185|
0 0|0 0|210.423 3.70821|
0 0|0 0|210.423 3.89185|
0 0|0 0|210.423 3.70821|
0 0|0 0|210.423 3.70821|
0 0|0 0|210.423 3.18995|
0 0|0 0|210.423 3.18995|
0 0|0 0|210.423 3.35278|
0 0|0 0|210.423 3.35278|
0 0|0 0|210.423 3.64838|
0 0|0 0|210.423 3.64838|
0 0|0 0|210.423 3.64838|
0 0|0 0|210.423 3.25419|
0 0|0 0|210.423 3.49644|
0 0|0 0|210.423 3.55425|
0 0|0 0|210.423 3.55425|
0 0|0 0|210.423 3.67918|
0 0|0 0|210.423 3.67918|
0 0|0 0|210.423 3.67918|
0 0|0 0|210.423 3.5502|
0 0|0 0|210.145 3.5502|
0 0|0 0|210.145 3.5502|
0 0|0 0|209.95 3.5502|
0 0|0 0|209.95 3.32495|
0 0|0 0|209.95 3.03125|
0 0|0 0|209.95 3.03125|
0 0|0 0|209.6 3.03125|
0 0|0 0|209.394 3.03125|
0 0|0 0|209.394 2.8409|
0 0|0 0|209.394 2.8409|
0 0|0 0|209.192 2.8409|
0 0|0 0|208.853 2.8409|
0 0|0 0|208.853 2.8409|
0 0|0 0|208.853 2.8409|
0 0|0 0|208.853 2.8409|
0 0|0 0|208.853 2.73091|
0 0|0 0|208.853 2.73091|
0 0|0 0|208.853 3.01194|
0 0|0 0|208.853 3.01194|
0 0|0 0|208.853 3.01194|
0 0|0 0|208.853 3.13737|
0 0|0 0|208.853 3.13737|
0 0|0 0|208.853 3.13737|
0 0|0 0|208.853 3.64703|
0 0|0 0|208.853 3.64703|
0 0|0 0|208.853 3.64703|
0 0|0 0|208.853 3.64703|
0 0|0 0|208.853 3.64703|
0 0|0 0|208.641 3.64703|
0 0|0 0|208.641 3.64703|
0 0|0 0|208.641 3.64703|
0 0|0 0|208.641 3.64703|
0 0|0 0|208.641 3.64703|
0 0|0 0|208.641 3.74239|
0 0|0 0|208.507 3.74239|
0 0|0 0|208.507 4.25954|
0 0|0 0|208.507 4.25954|
0 0|0 0|208.507 4.25954|
0 0|0 0|208.507 4.25954|
0 0|0 0|208.507 4.25954|
0 0|0 0|208.507 4.25954|
0 0|0 0|208.507 4.25954|
0 0|0 0|208.507 4.25954|
0 0|0 0|208.507 4.25954|
0 0|0 0|208.507 4.25954|
0 0|0 0|208.507 4.25954|
0 0|0 0|208.507 4.25954|
0 0|0 0|208.507 4.25954|
0 0|0 0|208.507 4.32921|
0 0|0 0|208.507 4.32921|
0 0|0 0|208.507 4.32921|
0 0|0 0|208.507 4.32921|
0 0|0 0|208.507 4.32921|
0 0|0 0|208.507 4.00286|
0 0|0 0|208.507 4.00286|
0 0|0 0|208.507 4.00286|
0 0|0 0|208.507 4.00286|
0 0|0 0|208.507 4.00286|
0 0|0 0|208.507 4.00286|
0 0|0 0|208.309 4.00286|
0 0|0 0|208.309 4.00286|
0 0|0 0|208.309 4.00286|
0 0|0 0|208.309 4.00286|
0 0|0 0|208.395 4.00286|
0 0|0 0|208.395 4.00286|
0 0|0 0|208.395 4.00286|
0 0|0 0|208.395 4.00286|
0 0|0 0|208.395 4.00286|
0 0|0 0|208.395 4.00286|
0 0|0 0|208.395 4.00286|
0 0|0 0|208.395 4.00286|
0 0|0 0|208.395 4.00286|
0 0|0 0|208.395 4.00286|
0 0|0 0|208.395 4.00286|
0 0|0 0|208.395 3.77287|
0 0|0 0|208.395 3.77287|
0 0|0 0|208.395 3.77287|
0 0|0 0|208.395 3.77287|
0 0|0 0|208.395 3.77287|
0 0|0 0|208.395 3.77287|
0 0|0 0|208.395 3.77287|
0 0|0 0|208.395 3.77287|
0 0|0 0|208.395 3.77287|
0 0|0 0|208.395 3.6747|
0 0|0 0|208.395 3.6747|
0 0|0 0|208.395 3.15872|
0 0|0 0|208.395 3.15872|
0 0|0 0|208.395 3.15872|
0 0|0 0|208.395 3.15872|
0 0|0 0|208.395 3.15872|
0 0|0 0|208.395 3.15872|
0 0|0 0|208.395 3.15872|
0 0|0 0|208.395 3.15872|
0 0|0 0|208.395 3.15872|
0 0|0 0|208.395 3.15872|
0 0|0 0|208.395 3.15872|
0 0|0 0|208.395 3.15872|
0 0|0 0|208.395 3.15872|
0 0|0 0|208.395 3.15872|
0 0|0 0|208.395 3.15872|
0 0|0 0|208.395 3.15872|
0 0|0 0|208.395 3.15872|
0 0|0 0|208.395 3.15872|
0 0|0 0|208.395 3.15872|
0 0|0 0|208.395 3.15872|
0 0|0 0|208.305 3.15872|
0 0|0 0|208.305 3.15872|
0 0|0 0|208.305 3.15872|
0 0|0 0|208.305 3.15872|
0 0|0 0|208.305 3.15872|
0 0|0 0|208.305 3.15872|
0 0|0 0|208.305 3.15872|
0 0|0 0|208.305 3.15872|
0 0|0 0|208.305 3.15872|
0 0|0 0|208.305 3.15872|
0 0|0 0|208.305 3.15872|
0 0|0 0|208.305 3.15872|
0 0|0 0|208.305 3.15872|
0 0|0 0|208.305 3.15872|
0 0|0 0|208.305 3.15872|
0 0|0 0|208.305 3.15872|
0 0|0 0|208.305 3.15872|
0 0|0 0|208.305 3.15872|
0 0|0 0|208.305 3.15872|
0 0|0 0|208.305 3.15872|
0 0|0 0|208.305 3.15872|
0 0|0 0|208.305 3.15872|
0 0|0 0|208.305 3.15872|
0 0|0 0|208.305 3.15872|
0 0|0 0|208.305 3.15872|
0 0|0 0|208.305 3.15872|
0 0|0 0|208.305 3.15872|
0 0|0 0|208.305 3.15872|
0 0|0 0|208.305 3.15872|
0 0|0 0|208.305 3.15872|
0 0|0 0|208.305 3.6747|
0 0|0 0|208.305 3.6747|
0 0|0 0|208.305 3.6747|
0 0|0 0|208.305 3.6747|
0 0|0 0|208.305 3.6747|
0 0|0 0|208.305 3.6747|
0 0|0 0|208.305 3.6747|
0 0|0 0|208.305 3.6747|
0 0|0 0|208.118 3.6747|
0 0|0 0|208.118 3.6747|
0 0|0 0|208.118 3.6747|
0 0|0 0|208.118 3.6747|
0 0|0 0|208.118 3.6747|
0 0|0 0|208.118 3.6747|
0 0|0 0|208.118 3.6747|
0 0|0 0|208.118 3.6747|
0 0|0 0|208.118 3.6747|
0 0|0 0|208.118 3.6747|
0 0|0 0|208.118 3.6747|
0 0|0 0|208.118 3.6747|
0 0|0 0|208.118 3.6747|
0 0|0 0|208.118 3.6747|
0 0|0 0|208.118 3.6747|
0 0|0 0|208.118 3.6747|
0 0|0 0|208.118 3.6747|
0 0|0 0|208.118 3.6747|
0 0|0 0|208.118 3.6747|
0 0|0 0|208.118 3.6747|
0 0|0 0|208.118 3.6747|
0 0|0 0|208.118 3.6747|
0 0|0 0|208.118 3.6747|
0 0|0 0|208.118 3.6747|
0 0|0 0|208.118 3.6747|
0 0|0 0|208.118 3.6747|
0 0|0 0|208.118 3.6747|
0 0|0 0|208.118 3.6747|
0 0|0 0|208.118 3.6747|
0 0|0 0|208.118 3.6747|
0 0|0 0|208.118 3.6747|
0 0|0 0|208.118 3.6747|
0 0|0 0|208.118 3.6747|
0 0|0 0|208.118 3.6747|
0 0|0 0|208.118 3.6747|
0 0|0 0|208.118 3.6747|
0 0|0 0|208.118 3.6747|
0 0|0 0|208.118 3.6747|
0 0|0 0|208.118 3.6747|
0 0|0 0|208.118 3.6747|
0 0|0 0|208.118 3.6747|
0 0|0 0|208.118 3.6747|
0 0|0 0|208.118 3.15872|
0 0|0 0|208.118 3.15872|
0 0|0 0|208.118 3.15872|
0 0|0 0|208.118 3.15872|
0 0|0 0|208.118 3.15872|
0 0|0 0|208.118 3.15872|
0 0|0 0|208.118 3.15872|
0 0|0 0|208.118 3.15872|
0 0|0 0|208.118 3.15872|
0 0|0 0|208.118 3.15872|
0 0|0 0|208.118 3.15872|
0 0|0 0|208.118 3.15872|
0 0|0 0|208.118 3.15872|
0 0|0 0|208.118 3.15872|
0 0|0 0|208.118 3.15872|
0 0|0 0|208.118 3.15872|
0 0|0 0|208.118 3.15872|
0 0|0 0|208.118 3.15872|
0 0|0 0|208.118 3.15872|
0 0|0 0|208.118 3.15872|
0 0|0 0|208.118 3.15872|
0 0|0 0|208.118 3.15872|
0 0|0 0|208.118 3.15872|
0 0|0 0|208.118 3.15872|
0 0|0 0|208.118 3.15872|
0 0|0 0|208.118 3.15872|
0 0|0 0|208.118 3.15872|
0 0|0 0|208.118 3.15872|
0 0|0 0|208.118 3.15872|
0 0|0 0|208.118 3.15872|
0 0|0 0|208.118 3.15872|
0 0|0 0|208.118 3.15872|
0 0|0 0|208.118 3.15872|
0 0|0 0|208.118 3.15872|
0 0|0 0|208.118 3.15872|
0 0|0 0|208.118 3.15872|
0 0|0 0|208.118 3.15872|
0 0|0 0|208.118 3.15872|
0 0|0 0|208.118 3.15872|
0 0|0 0|208.118 3.15872|
0 0|0 0|208.118 3.15872|
0 0|0 0|208.118 3.15872|
0 0|0 0|208.118 3.15872|
0 0|0 0|208.118 3.15872|
0 0|0 0|208.118 3.15872|
0 0|0 0|208.118 3.15872|
0 0|0 0|208.118 3.15872|
0 0|0 0|208.118 3.15872|
0 0|0 0|208.118 3.15872|
0 0|0 0|208.118 3.15872|
0 0|0 0|208.118 3.15872|
0 0|0 0|208.118 3.15872|
0 0|0 0|208.118 3.5873|
0 0|0 0|208.118 3.5873|
0 0|0 0|208.118 3.5873|
0 0|0 0|208.118 3.5873|
0 0|0 0|208.118 3.5873|
0 0|0 0|208.118 3.5873|
0 0|0 0|208.118 3.5873|
0 0|0 0|208.118 3.5873|
0 0|0 0|208.118 3.5873|
0 0|0 0|208.118 3.5873|
0 0|0 0|208.118 3.5873|
0 0|0 0|208.118 3.5873|
0 0|0 0|208.118 3.5873|
0 0|0 0|208.118 3.5873|
0 0|0 0|208.118 3.5873|
0 0|0 0|208.118 3.5873|
0 0|0 0|208.118 3.5873|
0 0|0 0|208.118 3.5873|
0 0|0 0|208.118 3.5873|
0 0|0 0|208.118 3.5873|
0 0|0 0|208.118 3.5873|
0 0|0 0|208.118 3.5873|
0 0|0 0|208.118 3.5873|
0 0|0 0|208.118 3.5873|
0 0|0 0|208.118 3.5873|
0 0|0 0|208.118 3.5873|
0 0|0 0|208.118 3.5873|
0 0|0 0|208.118 3.5873|
0 0|0 0|208.118 3.5873|
0 0|0 0|208.118 3.5873|
0 0|0 0|208.118 3.5873|
0 0|0 0|208.118 3.5873|
0 0|0 0|208.118 3.5873|
0 0|0 0|208.118 3.5873|
0 0|0 0|208.118 3.5873|
