0 0|0 0|0 0|0 0|
0 0|0 0|0 0|0 0|
0 0|0 0|0 0|0 0|
0 0|0 0|0 0|0 0|
0 0|0 0|0 0|0 0|
0 0|0 0|0 0|0 0|
0 0|0 0|0 0|0 0|
0 0|0 0|0 0|0 0|
0 0|0 0|0 0|0 0|
0 0|0 0|0 0|0 0|
0 0|0 0|0 0|0 0|
0 158.323|0 0|0 0|-103.896 0|
0 158.323|0 0|0 0|-103.896 0|
0 158.323|0 0|0 0|-103.896 0|
0 158.323|0 0|0 0|-103.896 0|
0 158.323|0 0|0 0|-103.896 0|
0 158.323|0 0|0 0|-103.896 0|
0 158.323|0 0|0 0|-103.896 0|
0 158.323|0 0|0 0|-103.896 0|
0 158.323|0 0|0 0|-103.896 0|
0 158.323|0 0|0 0|-103.896 0|
0 72.023|0 -85.2481|40.0932 0|-79.0153 0|
0 72.023|0 -85.2481|40.0932 0|-79.0153 0|
0 72.023|0 -85.2481|40.0932 0|-79.0153 0|
0 72.023|0 -85.2481|40.0932 0|-79.0153 0|
0 72.023|0 -85.2481|40.0932 0|-79.0153 0|
0 72.023|0 -85.2481|40.0932 0|-79.0153 0|
0 72.023|0 -85.2481|40.0932 0|-79.0153 0|
0 72.023|0 -85.2481|40.0932 0|-79.0153 0|
0 72.023|0 -85.2481|40.0932 0|-79.0153 0|
0 72.023|0 -85.2481|40.0932 0|-79.0153 0|
0 106.228|0 -165.108|33.7712 0|-60.9203 0|
0 106.228|0 -165.108|33.7712 0|-60.9203 0|
0 106.228|0 -165.108|33.7712 0|-60.9203 0|
0 106.228|0 -165.108|33.7712 0|-60.9203 0|
0 106.228|0 -165.108|33.7712 0|-60.9203 0|
0 106.228|0 -165.108|33.7712 0|-60.9203 0|
0 106.228|0 -165.108|33.7712 0|-60.9203 0|
0 106.228|0 -165.108|33.7712 0|-60.9203 0|
0 106.228|0 -165.108|33.7712 0|-60.9203 0|
0 106.228|0 -165.108|33.7712 0|-60.9203 0|
0 126.001|0 -79.1657|73.795 0|-107.044 0|
0 126.001|0 -79.1657|73.795 0|-107.044 0|
0 126.001|0 -79.1657|73.795 0|-107.044 0|
0 126.001|0 -79.1657|73.795 0|-107.044 0|
0 126.001|0 -79.1657|73.795 0|-107.044 0|
0 126.001|0 -79.1657|73.795 0|-107.044 0|
0 126.001|0 -79.1657|73.795 0|-107.044 0|
0 126.001|0 -79.1657|73.795 0|-107.044 0|
0 126.001|0 -79.1657|73.795 0|-107.044 0|
0 126.001|0 -79.1657|73.795 0|-107.044 0|
0 108.909|0 -119.831|62.1558 0|-60.4691 0|
0 108.909|0 -119.831|62.1558 0|-60.4691 0|
0 108.909|0 -119.831|62.1558 0|-60.4691 0|
0 108.909|0 -119.831|62.1558 0|-60.4691 0|
0 108.909|0 -119.831|62.1558 0|-60.4691 0|
0 108.909|0 -119.831|62.1558 0|-60.4691 0|
0 108.909|0 -119.831|62.1558 0|-60.4691 0|
0 108.909|0 -119.831|62.1558 0|-60.4691 0|
0 108.909|0 -119.831|62.1558 0|-60.4691 0|
0 108.909|0 -119.831|62.1558 0|-60.4691 0|
0 95.7226|0 -155.198|50.3409 0|-49.9035 0|
0 95.7226|0 -155.198|50.3409 0|-49.9035 0|
0 95.7226|0 -155.198|50.3409 0|-49.9035 0|
0 95.7226|0 -155.198|50.3409 0|-49.9035 0|
0 95.7226|0 -155.198|50.3409 0|-49.9035 0|
0 95.7226|0 -155.198|50.3409 0|-49.9035 0|
0 95.7226|0 -155.198|50.3409 0|-49.9035 0|
0 95.7226|0 -155.198|50.3409 0|-49.9035 0|
0 95.7226|0 -155.198|50.3409 0|-49.9035 0|
0 95.7226|0 -155.198|50.3409 0|-49.9035 0|
0 214.014|0 -70.9282|58.263 0|-47.7062 0|
0 214.014|0 -70.9282|58.263 0|-47.7062 0|
0 214.014|0 -70.9282|58.263 0|-47.7062 0|
0 214.014|0 -70.9282|58.263 0|-47.7062 0|
0 214.014|0 -70.9282|58.263 0|-47.7062 0|
0 214.014|0 -70.9282|58.263 0|-47.7062 0|
0 214.014|0 -70.9282|58.263 0|-47.7062 0|
0 214.014|0 -70.9282|58.263 0|-47.7062 0|
0 214.014|0 -70.9282|58.263 0|-47.7062 0|
0 214.014|0 -70.9282|58.263 0|-47.7062 0|
0 74.1159|0 -50.1629|43.9289 0|-15.4125 0|
0 74.1159|0 -50.1629|43.9289 0|-15.4125 0|
0 74.1159|0 -50.1629|43.9289 0|-15.4125 0|
0 74.1159|0 -50.1629|43.9289 0|-15.4125 0|
0 74.1159|0 -50.1629|43.9289 0|-15.4125 0|
0 74.1159|0 -50.1629|43.9289 0|-15.4125 0|
0 74.1159|0 -50.1629|43.9289 0|-15.4125 0|
0 74.1159|0 -50.1629|43.9289 0|-15.4125 0|
0 74.1159|0 -50.1629|43.9289 0|-15.4125 0|
0 74.1159|0 -50.1629|43.9289 0|-15.4125 0|
0 121.183|0 -167.908|25.7248 0|-25.7362 0|
0 121.183|0 -167.908|25.7248 0|-25.7362 0|
0 121.183|0 -167.908|25.7248 0|-25.7362 0|
0 121.183|0 -167.908|25.7248 0|-25.7362 0|
0 121.183|0 -167.908|25.7248 0|-25.7362 0|
0 121.183|0 -167.908|25.7248 0|-25.7362 0|
0 121.183|0 -167.908|25.7248 0|-25.7362 0|
0 121.183|0 -167.908|25.7248 0|-25.7362 0|
0 121.183|0 -167.908|25.7248 0|-25.7362 0|
0 121.183|0 -167.908|25.7248 0|-25.7362 0|
0 39.6719|0 -20.1951|11.6352 0|-44.2856 0|
0 39.6719|0 -20.1951|11.6352 0|-44.2856 0|
0 39.6719|0 -20.1951|11.6352 0|-44.2856 0|
0 39.6719|0 -20.1951|11.6352 0|-44.2856 0|
0 39.6719|0 -20.1951|11.6352 0|-44.2856 0|
0 39.6719|0 -20.1951|11.6352 0|-44.2856 0|
0 39.6719|0 -20.1951|11.6352 0|-44.2856 0|
0 39.6719|0 -20.1951|11.6352 0|-44.2856 0|
0 39.6719|0 -20.1951|11.6352 0|-44.2856 0|
0 39.6719|0 -20.1951|11.6352 0|-44.2856 0|
0 118.763|0 -180.434|83.9717 0|-37.8986 0|
0 118.763|0 -180.434|83.9717 0|-37.8986 0|
0 118.763|0 -180.434|83.9717 0|-37.8986 0|
0 118.763|0 -180.434|83.9717 0|-37.8986 0|
0 118.763|0 -180.434|83.9717 0|-37.8986 0|
0 118.763|0 -180.434|83.9717 0|-37.8986 0|
0 118.763|0 -180.434|83.9717 0|-37.8986 0|
0 118.763|0 -180.434|83.9717 0|-37.8986 0|
0 118.763|0 -180.434|83.9717 0|-37.8986 0|
0 118.763|0 -180.434|83.9717 0|-37.8986 0|
0 116.025|0 -100.656|60.4677 0|-49.5251 0|
0 116.025|0 -100.656|60.4677 0|-49.5251 0|
0 116.025|0 -100.656|60.4677 0|-49.5251 0|
0 116.025|0 -100.656|60.4677 0|-49.5251 0|
0 116.025|0 -100.656|60.4677 0|-49.5251 0|
0 116.025|0 -100.656|60.4677 0|-49.5251 0|
0 116.025|0 -100.656|60.4677 0|-49.5251 0|
0 116.025|0 -100.656|60.4677 0|-49.5251 0|
0 116.025|0 -100.656|60.4677 0|-49.5251 0|
0 116.025|0 -100.656|60.4677 0|-49.5251 0|
0 129.307|0 -154.659|50.2825 0|-47.6589 0|
0 129.307|0 -154.659|50.2825 0|-47.6589 0|
0 129.307|0 -154.659|50.2825 0|-47.6589 0|
0 129.307|0 -154.659|50.2825 0|-47.6589 0|
0 129.307|0 -154.659|50.2825 0|-47.6589 0|
0 129.307|0 -154.659|50.2825 0|-47.6589 0|
0 129.307|0 -154.659|50.2825 0|-47.6589 0|
0 129.307|0 -154.659|50.2825 0|-47.6589 0|
0 129.307|0 -154.659|50.2825 0|-47.6589 0|
0 129.307|0 -154.659|50.2825 0|-47.6589 0|
0 103.021|0 -50.683|24.6159 0|-50.5148 0|
0 103.021|0 -50.683|24.6159 0|-50.5148 0|
0 103.021|0 -50.683|24.6159 0|-50.5148 0|
0 103.021|0 -50.683|24.6159 0|-50.5148 0|
0 103.021|0 -50.683|24.6159 0|-50.5148 0|
0 103.021|0 -50.683|24.6159 0|-50.5148 0|
0 103.021|0 -50.683|24.6159 0|-50.5148 0|
0 103.021|0 -50.683|24.6159 0|-50.5148 0|
0 103.021|0 -50.683|24.6159 0|-50.5148 0|
0 103.021|0 -50.683|24.6159 0|-50.5148 0|
0 134.742|0 -186.757|66.2683 0|-69.7156 0|
0 134.742|0 -186.757|66.2683 0|-69.7156 0|
0 134.742|0 -186.757|66.2683 0|-69.7156 0|
0 134.742|0 -186.757|66.2683 0|-69.7156 0|
0 134.742|0 -186.757|66.2683 0|-69.7156 0|
0 134.742|0 -186.757|66.2683 0|-69.7156 0|
0 134.742|0 -186.757|66.2683 0|-69.7156 0|
0 134.742|0 -186.757|66.2683 0|-69.7156 0|
0 134.742|0 -186.757|66.2683 0|-69.7156 0|
0 134.742|0 -186.757|66.2683 0|-69.7156 0|
0 117.583|0 -177.248|114.113 0|-25.9637 0|
0 117.583|0 -177.248|114.113 0|-25.9637 0|
0 117.583|0 -177.248|114.113 0|-25.9637 0|
0 117.583|0 -177.248|114.113 0|-25.9637 0|
0 117.583|0 -177.248|114.113 0|-25.9637 0|
0 117.583|0 -177.248|114.113 0|-25.9637 0|
0 117.583|0 -177.248|114.113 0|-25.9637 0|
0 117.583|0 -177.248|114.113 0|-25.9637 0|
0 117.583|0 -177.248|114.113 0|-25.9637 0|
0 117.583|0 -177.248|114.113 0|-25.9637 0|
0 60.7005|0 -112.448|75.5826 0|-119.582 0|
0 60.7005|0 -112.448|75.5826 0|-119.582 0|
0 60.7005|0 -112.448|75.5826 0|-119.582 0|
0 60.7005|0 -112.448|75.5826 0|-119.582 0|
0 60.7005|0 -112.448|75.5826 0|-119.582 0|
0 60.7005|0 -112.448|75.5826 0|-119.582 0|
0 60.7005|0 -112.448|75.5826 0|-119.582 0|
0 60.7005|0 -112.448|75.5826 0|-119.582 0|
0 60.7005|0 -112.448|75.5826 0|-119.582 0|
0 60.7005|0 -112.448|75.5826 0|-119.582 0|
0 69.5888|0 -74.4163|82.1021 0|-67.4103 0|
0 69.5888|0 -74.4163|82.1021 0|-67.4103 0|
0 69.5888|0 -74.4163|82.1021 0|-67.4103 0|
0 69.5888|0 -74.4163|82.1021 0|-67.4103 0|
0 69.5888|0 -74.4163|82.1021 0|-67.4103 0|
0 69.5888|0 -74.4163|82.1021 0|-67.4103 0|
0 69.5888|0 -74.4163|82.1021 0|-67.4103 0|
0 69.5888|0 -74.4163|82.1021 0|-67.4103 0|
0 69.5888|0 -74.4163|82.1021 0|-67.4103 0|
0 69.5888|0 -74.4163|82.1021 0|-67.4103 0|
0 151.123|0 -69.0444|51.8365 0|-22.8874 0|
0 151.123|0 -69.0444|51.8365 0|-22.8874 0|
0 151.123|0 -69.0444|51.8365 0|-22.8874 0|
0 151.123|0 -69.0444|51.8365 0|-22.8874 0|
0 151.123|0 -69.0444|51.8365 0|-22.8874 0|
0 151.123|0 -69.0444|51.8365 0|-22.8874 0|
0 151.123|0 -69.0444|51.8365 0|-22.8874 0|
0 151.123|0 -69.0444|51.8365 0|-22.8874 0|
0 151.123|0 -69.0444|51.8365 0|-22.8874 0|
0 151.123|0 -69.0444|51.8365 0|-22.8874 0|
0 114.282|0 -135.314|13.2902 0|-50.6006 0|
0 114.282|0 -135.314|13.2902 0|-50.6006 0|
0 114.282|0 -135.314|13.2902 0|-50.6006 0|
0 114.282|0 -135.314|13.2902 0|-50.6006 0|
0 114.282|0 -135.314|13.2902 0|-50.6006 0|
0 114.282|0 -135.314|13.2902 0|-50.6006 0|
0 114.282|0 -135.314|13.2902 0|-50.6006 0|
0 114.282|0 -135.314|13.2902 0|-50.6006 0|
0 114.282|0 -135.314|13.2902 0|-50.6006 0|
0 114.282|0 -135.314|13.2902 0|-50.6006 0|
0 122.69|0 -86.0721|52.7392 0|-49.6229 0|
0 122.69|0 -86.0721|52.7392 0|-49.6229 0|
0 122.69|0 -86.0721|52.7392 0|-49.6229 0|
0 122.69|0 -86.0721|52.7392 0|-49.6229 0|
0 122.69|0 -86.0721|52.7392 0|-49.6229 0|
0 122.69|0 -86.0721|52.7392 0|-49.6229 0|
0 122.69|0 -86.0721|52.7392 0|-49.6229 0|
0 122.69|0 -86.0721|52.7392 0|-49.6229 0|
0 122.69|0 -86.0721|52.7392 0|-49.6229 0|
0 122.69|0 -86.0721|52.7392 0|-49.6229 0|
0 83.7555|0 -78.286|54.5021 0|-24.9296 0|
0 83.7555|0 -78.286|54.5021 0|-24.9296 0|
0 83.7555|0 -78.286|54.5021 0|-24.9296 0|
0 83.7555|0 -78.286|54.5021 0|-24.9296 0|
0 83.7555|0 -78.286|54.5021 0|-24.9296 0|
0 83.7555|0 -78.286|54.5021 0|-24.9296 0|
0 83.7555|0 -78.286|54.5021 0|-24.9296 0|
0 83.7555|0 -78.286|54.5021 0|-24.9296 0|
0 83.7555|0 -78.286|54.5021 0|-24.9296 0|
0 83.7555|0 -78.286|54.5021 0|-24.9296 0|
0 39.0973|0 -112.721|97.1606 0|-131 0|
0 39.0973|0 -112.721|97.1606 0|-131 0|
0 39.0973|0 -112.721|97.1606 0|-131 0|
0 39.0973|0 -112.721|97.1606 0|-131 0|
0 39.0973|0 -112.721|97.1606 0|-131 0|
0 39.0973|0 -112.721|97.1606 0|-131 0|
0 39.0973|0 -112.721|97.1606 0|-131 0|
0 39.0973|0 -112.721|97.1606 0|-131 0|
0 39.0973|0 -112.721|97.1606 0|-131 0|
0 39.0973|0 -112.721|97.1606 0|-131 0|
0 157.718|0 -98.6627|71.4657 0|-29.1506 0|
0 157.718|0 -98.6627|71.4657 0|-29.1506 0|
0 157.718|0 -98.6627|71.4657 0|-29.1506 0|
0 157.718|0 -98.6627|71.4657 0|-29.1506 0|
0 157.718|0 -98.6627|71.4657 0|-29.1506 0|
0 157.718|0 -98.6627|71.4657 0|-29.1506 0|
0 157.718|0 -98.6627|71.4657 0|-29.1506 0|
0 157.718|0 -98.6627|71.4657 0|-29.1506 0|
0 157.718|0 -98.6627|71.4657 0|-29.1506 0|
0 157.718|0 -98.6627|71.4657 0|-29.1506 0|
0 152.243|0 -67.0406|31.2413 0|-87.3496 0|
0 152.243|0 -67.0406|31.2413 0|-87.3496 0|
0 152.243|0 -67.0406|31.2413 0|-87.3496 0|
0 152.243|0 -67.0406|31.2413 0|-87.3496 0|
0 152.243|0 -67.0406|31.2413 0|-87.3496 0|
0 152.243|0 -67.0406|31.2413 0|-87.3496 0|
0 152.243|0 -67.0406|31.2413 0|-87.3496 0|
0 152.243|0 -67.0406|31.2413 0|-87.3496 0|
0 152.243|0 -67.0406|31.2413 0|-87.3496 0|
0 152.243|0 -67.0406|31.2413 0|-87.3496 0|
0 85.1261|0 -178.969|42.8124 0|-10.6824 0|
0 85.1261|0 -178.969|42.8124 0|-10.6824 0|
0 85.1261|0 -178.969|42.8124 0|-10.6824 0|
0 85.1261|0 -178.969|42.8124 0|-10.6824 0|
0 85.1261|0 -178.969|42.8124 0|-10.6824 0|
0 85.1261|0 -178.969|42.8124 0|-10.6824 0|
0 85.1261|0 -178.969|42.8124 0|-10.6824 0|
0 85.1261|0 -178.969|42.8124 0|-10.6824 0|
0 85.1261|0 -178.969|42.8124 0|-10.6824 0|
0 85.1261|0 -178.969|42.8124 0|-10.6824 0|
0 43.1786|0 -108.691|23.8147 0|-38.8328 0|
0 43.1786|0 -108.691|23.8147 0|-38.8328 0|
0 43.1786|0 -108.691|23.8147 0|-38.8328 0|
0 43.1786|0 -108.691|23.8147 0|-38.8328 0|
0 43.1786|0 -108.691|23.8147 0|-38.8328 0|
0 43.1786|0 -108.691|23.8147 0|-38.8328 0|
0 43.1786|0 -108.691|23.8147 0|-38.8328 0|
0 43.1786|0 -108.691|23.8147 0|-38.8328 0|
0 43.1786|0 -108.691|23.8147 0|-38.8328 0|
0 43.1786|0 -108.691|23.8147 0|-38.8328 0|
0 112.445|0 -97.1639|47.1283 0|0 0|
0 112.445|0 -97.1639|47.1283 0|0 0|
0 112.445|0 -97.1639|47.1283 0|0 0|
0 112.445|0 -97.1639|47.1283 0|0 0|
0 112.445|0 -97.1639|47.1283 0|0 0|
0 112.445|0 -97.1639|47.1283 0|0 0|
0 112.445|0 -97.1639|47.1283 0|0 0|
0 112.445|0 -97.1639|47.1283 0|0 0|
0 112.445|0 -97.1639|47.1283 0|0 0|
0 112.445|0 -97.1639|47.1283 0|0 0|
0 54.9187|0 -157.07|40.5013 0|-79.5291 0|
0 54.9187|0 -157.07|40.5013 0|-79.5291 0|
0 54.9187|0 -157.07|40.5013 0|-79.5291 0|
0 54.9187|0 -157.07|40.5013 0|-79.5291 0|
0 54.9187|0 -157.07|40.5013 0|-79.5291 0|
0 54.9187|0 -157.07|40.5013 0|-79.5291 0|
0 54.9187|0 -157.07|40.5013 0|-79.5291 0|
0 54.9187|0 -157.07|40.5013 0|-79.5291 0|
0 54.9187|0 -157.07|40.5013 0|-79.5291 0|
0 54.9187|0 -157.07|40.5013 0|-79.5291 0|
0 66.9997|0 -110.489|30.4793 0|-32.8671 0|
0 66.9997|0 -110.489|30.4793 0|-32.8671 0|
0 66.9997|0 -110.489|30.4793 0|-32.8671 0|
0 66.9997|0 -110.489|30.4793 0|-32.8671 0|
0 66.9997|0 -110.489|30.4793 0|-32.8671 0|
0 66.9997|0 -110.489|30.4793 0|-32.8671 0|
0 66.9997|0 -110.489|30.4793 0|-32.8671 0|
0 66.9997|0 -110.489|30.4793 0|-32.8671 0|
0 66.9997|0 -110.489|30.4793 0|-32.8671 0|
0 66.9997|0 -110.489|30.4793 0|-32.8671 0|
0 59.1859|0 -134.952|108.382 0|-44.0077 0|
0 59.1859|0 -134.952|108.382 0|-44.0077 0|
0 59.1859|0 -134.952|108.382 0|-44.0077 0|
0 59.1859|0 -134.952|108.382 0|-44.0077 0|
0 59.1859|0 -134.952|108.382 0|-44.0077 0|
0 59.1859|0 -134.952|108.382 0|-44.0077 0|
0 59.1859|0 -134.952|108.382 0|-44.0077 0|
0 59.1859|0 -134.952|108.382 0|-44.0077 0|
0 59.1859|0 -134.952|108.382 0|-44.0077 0|
0 59.1859|0 -134.952|108.382 0|-44.0077 0|
0 119.488|0 -71.6173|35.0853 0|-91.7195 0|
0 119.488|0 -71.6173|35.0853 0|-91.7195 0|
0 119.488|0 -71.6173|35.0853 0|-91.7195 0|
0 119.488|0 -71.6173|35.0853 0|-91.7195 0|
0 119.488|0 -71.6173|35.0853 0|-91.7195 0|
0 119.488|0 -71.6173|35.0853 0|-91.7195 0|
0 119.488|0 -71.6173|35.0853 0|-91.7195 0|
0 119.488|0 -71.6173|35.0853 0|-91.7195 0|
0 119.488|0 -71.6173|35.0853 0|-91.7195 0|
0 119.488|0 -71.6173|35.0853 0|-91.7195 0|
0 137.074|0 -128.973|34.6541 0|-40.9797 0|
0 137.074|0 -128.973|34.6541 0|-40.9797 0|
0 137.074|0 -128.973|34.6541 0|-40.9797 0|
0 137.074|0 -128.973|34.6541 0|-40.9797 0|
0 137.074|0 -128.973|34.6541 0|-40.9797 0|
0 137.074|0 -128.973|34.6541 0|-40.9797 0|
0 137.074|0 -128.973|34.6541 0|-40.9797 0|
0 137.074|0 -128.973|34.6541 0|-40.9797 0|
0 137.074|0 -128.973|34.6541 0|-40.9797 0|
0 137.074|0 -128.973|34.6541 0|-40.9797 0|
0 79.6433|0 -89.1784|39.2208 0|-30.6317 0|
0 79.6433|0 -89.1784|39.2208 0|-30.6317 0|
0 79.6433|0 -89.1784|39.2208 0|-30.6317 0|
0 79.6433|0 -89.1784|39.2208 0|-30.6317 0|
0 79.6433|0 -89.1784|39.2208 0|-30.6317 0|
0 79.6433|0 -89.1784|39.2208 0|-30.6317 0|
0 79.6433|0 -89.1784|39.2208 0|-30.6317 0|
0 79.6433|0 -89.1784|39.2208 0|-30.6317 0|
0 79.6433|0 -89.1784|39.2208 0|-30.6317 0|
0 79.6433|0 -89.1784|39.2208 0|-30.6317 0|
0 75.0412|0 -141.942|31.3489 0|-11.9979 0|
0 75.0412|0 -141.942|31.3489 0|-11.9979 0|
0 75.0412|0 -141.942|31.3489 0|-11.9979 0|
0 75.0412|0 -141.942|31.3489 0|-11.9979 0|
0 75.0412|0 -141.942|31.3489 0|-11.9979 0|
0 75.0412|0 -141.942|31.3489 0|-11.9979 0|
0 75.0412|0 -141.942|31.3489 0|-11.9979 0|
0 75.0412|0 -141.942|31.3489 0|-11.9979 0|
0 75.0412|0 -141.942|31.3489 0|-11.9979 0|
0 75.0412|0 -141.942|31.3489 0|-11.9979 0|
0 73.1011|0 -170.633|72.833 0|-64.9672 0|
0 73.1011|0 -170.633|72.833 0|-64.9672 0|
0 73.1011|0 -170.633|72.833 0|-64.9672 0|
0 73.1011|0 -170.633|72.833 0|-64.9672 0|
0 73.1011|0 -170.633|72.833 0|-64.9672 0|
0 73.1011|0 -170.633|72.833 0|-64.9672 0|
0 73.1011|0 -170.633|72.833 0|-64.9672 0|
0 73.1011|0 -170.633|72.833 0|-64.9672 0|
0 73.1011|0 -170.633|72.833 0|-64.9672 0|
0 73.1011|0 -170.633|72.833 0|-64.9672 0|
0 92.0171|0 -83.0758|35.6599 0|-21.9576 0|
0 92.0171|0 -83.0758|35.6599 0|-21.9576 0|
0 92.0171|0 -83.0758|35.6599 0|-21.9576 0|
0 92.0171|0 -83.0758|35.6599 0|-21.9576 0|
0 92.0171|0 -83.0758|35.6599 0|-21.9576 0|
0 92.0171|0 -83.0758|35.6599 0|-21.9576 0|
0 92.0171|0 -83.0758|35.6599 0|-21.9576 0|
0 92.0171|0 -83.0758|35.6599 0|-21.9576 0|
0 92.0171|0 -83.0758|35.6599 0|-21.9576 0|
0 92.0171|0 -83.0758|35.6599 0|-21.9576 0|
0 235.927|0 -135.618|99.9267 0|-71.8311 0|
0 235.927|0 -135.618|99.9267 0|-71.8311 0|
0 235.927|0 -135.618|99.9267 0|-71.8311 0|
0 235.927|0 -135.618|99.9267 0|-71.8311 0|
0 235.927|0 -135.618|99.9267 0|-71.8311 0|
0 235.927|0 -135.618|99.9267 0|-71.8311 0|
0 235.927|0 -135.618|99.9267 0|-71.8311 0|
0 235.927|0 -135.618|99.9267 0|-71.8311 0|
0 235.927|0 -135.618|99.9267 0|-71.8311 0|
0 235.927|0 -135.618|99.9267 0|-71.8311 0|
0 91.6365|0 -117.401|81.817 0|-10.1408 0|
0 91.6365|0 -117.401|81.817 0|-10.1408 0|
0 91.6365|0 -117.401|81.817 0|-10.1408 0|
0 91.6365|0 -117.401|81.817 0|-10.1408 0|
0 91.6365|0 -117.401|81.817 0|-10.1408 0|
0 91.6365|0 -117.401|81.817 0|-10.1408 0|
0 91.6365|0 -117.401|81.817 0|-10.1408 0|
0 91.6365|0 -117.401|81.817 0|-10.1408 0|
0 91.6365|0 -117.401|81.817 0|-10.1408 0|
0 91.6365|0 -117.401|81.817 0|-10.1408 0|
0 67.3378|0 -146.045|20.9247 0|-14.3918 0|
0 67.3378|0 -146.045|20.9247 0|-14.3918 0|
0 67.3378|0 -146.045|20.9247 0|-14.3918 0|
0 67.3378|0 -146.045|20.9247 0|-14.3918 0|
0 67.3378|0 -146.045|20.9247 0|-14.3918 0|
0 67.3378|0 -146.045|20.9247 0|-14.3918 0|
0 67.3378|0 -146.045|20.9247 0|-14.3918 0|
0 67.3378|0 -146.045|20.9247 0|-14.3918 0|
0 67.3378|0 -146.045|20.9247 0|-14.3918 0|
0 67.3378|0 -146.045|20.9247 0|-14.3918 0|
0 86.5513|0 -41.2794|64.35 0|-18.9683 0|
0 86.5513|0 -41.2794|64.35 0|-18.9683 0|
0 86.5513|0 -41.2794|64.35 0|-18.9683 0|
0 86.5513|0 -41.2794|64.35 0|-18.9683 0|
0 86.5513|0 -41.2794|64.35 0|-18.9683 0|
0 86.5513|0 -41.2794|64.35 0|-18.9683 0|
0 86.5513|0 -41.2794|64.35 0|-18.9683 0|
0 86.5513|0 -41.2794|64.35 0|-18.9683 0|
0 86.5513|0 -41.2794|64.35 0|-18.9683 0|
0 86.5513|0 -41.2794|64.35 0|-18.9683 0|
0 54.4632|0 -41.043|27.554 0|-41.845 0|
0 54.4632|0 -41.043|27.554 0|-41.845 0|
0 54.4632|0 -41.043|27.554 0|-41.845 0|
0 54.4632|0 -41.043|27.554 0|-41.845 0|
0 54.4632|0 -41.043|27.554 0|-41.845 0|
0 54.4632|0 -41.043|27.554 0|-41.845 0|
0 54.4632|0 -41.043|27.554 0|-41.845 0|
0 54.4632|0 -41.043|27.554 0|-41.845 0|
0 54.4632|0 -41.043|27.554 0|-41.845 0|
0 54.4632|0 -41.043|27.554 0|-41.845 0|
0 154.425|0 -85.1414|44.0399 0|-50.3169 0|
0 154.425|0 -85.1414|44.0399 0|-50.3169 0|
0 154.425|0 -85.1414|44.0399 0|-50.3169 0|
0 154.425|0 -85.1414|44.0399 0|-50.3169 0|
0 154.425|0 -85.1414|44.0399 0|-50.3169 0|
0 154.425|0 -85.1414|44.0399 0|-50.3169 0|
0 154.425|0 -85.1414|44.0399 0|-50.3169 0|
0 154.425|0 -85.1414|44.0399 0|-50.3169 0|
0 154.425|0 -85.1414|44.0399 0|-50.3169 0|
0 154.425|0 -85.1414|44.0399 0|-50.3169 0|
0 89.1615|0 -167.466|66.3255 0|-28.6568 0|
0 89.1615|0 -167.466|66.3255 0|-28.6568 0|
0 89.1615|0 -167.466|66.3255 0|-28.6568 0|
0 89.1615|0 -167.466|66.3255 0|-28.6568 0|
0 89.1615|0 -167.466|66.3255 0|-28.6568 0|
0 89.1615|0 -167.466|66.3255 0|-28.6568 0|
0 89.1615|0 -167.466|66.3255 0|-28.6568 0|
0 89.1615|0 -167.466|66.3255 0|-28.6568 0|
0 89.1615|0 -167.466|66.3255 0|-28.6568 0|
0 89.1615|0 -167.466|66.3255 0|-28.6568 0|
0 83.8207|0 -91.3075|110.341 0|-19.3108 0|
0 83.8207|0 -91.3075|110.341 0|-19.3108 0|
0 83.8207|0 -91.3075|110.341 0|-19.3108 0|
0 83.8207|0 -91.3075|110.341 0|-19.3108 0|
0 83.8207|0 -91.3075|110.341 0|-19.3108 0|
0 83.8207|0 -91.3075|110.341 0|-19.3108 0|
0 83.8207|0 -91.3075|110.341 0|-19.3108 0|
0 83.8207|0 -91.3075|110.341 0|-19.3108 0|
0 83.8207|0 -91.3075|110.341 0|-19.3108 0|
0 83.8207|0 -91.3075|110.341 0|-19.3108 0|
0 176.225|0 -86.5635|67.3472 0|-90.2116 0|
0 176.225|0 -86.5635|67.3472 0|-90.2116 0|
0 176.225|0 -86.5635|67.3472 0|-90.2116 0|
0 176.225|0 -86.5635|67.3472 0|-90.2116 0|
0 176.225|0 -86.5635|67.3472 0|-90.2116 0|
0 176.225|0 -86.5635|67.3472 0|-90.2116 0|
0 176.225|0 -86.5635|67.3472 0|-90.2116 0|
0 176.225|0 -86.5635|67.3472 0|-90.2116 0|
0 176.225|0 -86.5635|67.3472 0|-90.2116 0|
0 176.225|0 -86.5635|67.3472 0|-90.2116 0|
0 88.6209|0 -104.9|122.037 0|-63.4426 0|
0 88.6209|0 -104.9|122.037 0|-63.4426 0|
0 88.6209|0 -104.9|122.037 0|-63.4426 0|
0 88.6209|0 -104.9|122.037 0|-63.4426 0|
0 88.6209|0 -104.9|122.037 0|-63.4426 0|
0 88.6209|0 -104.9|122.037 0|-63.4426 0|
0 88.6209|0 -104.9|122.037 0|-63.4426 0|
0 88.6209|0 -104.9|122.037 0|-63.4426 0|
0 88.6209|0 -104.9|122.037 0|-63.4426 0|
0 88.6209|0 -104.9|122.037 0|-63.4426 0|
0 141.991|0 -115.306|34.0093 0|-40.5142 0|
0 141.991|0 -115.306|34.0093 0|-40.5142 0|
0 141.991|0 -115.306|34.0093 0|-40.5142 0|
0 141.991|0 -115.306|34.0093 0|-40.5142 0|
0 141.991|0 -115.306|34.0093 0|-40.5142 0|
0 141.991|0 -115.306|34.0093 0|-40.5142 0|
0 141.991|0 -115.306|34.0093 0|-40.5142 0|
0 141.991|0 -115.306|34.0093 0|-40.5142 0|
0 141.991|0 -115.306|34.0093 0|-40.5142 0|
0 141.991|0 -115.306|34.0093 0|-40.5142 0|
0 78.066|0 -126.858|19.2134 0|-43.5458 0|
0 78.066|0 -126.858|19.2134 0|-43.5458 0|
0 78.066|0 -126.858|19.2134 0|-43.5458 0|
0 78.066|0 -126.858|19.2134 0|-43.5458 0|
0 78.066|0 -126.858|19.2134 0|-43.5458 0|
0 78.066|0 -126.858|19.2134 0|-43.5458 0|
0 78.066|0 -126.858|19.2134 0|-43.5458 0|
0 78.066|0 -126.858|19.2134 0|-43.5458 0|
0 78.066|0 -126.858|19.2134 0|-43.5458 0|
0 78.066|0 -126.858|19.2134 0|-43.5458 0|
0 175.137|0 -66.1761|48.3295 0|-107.376 0|
0 175.137|0 -66.1761|48.3295 0|-107.376 0|
0 175.137|0 -66.1761|48.3295 0|-107.376 0|
0 175.137|0 -66.1761|48.3295 0|-107.376 0|
0 175.137|0 -66.1761|48.3295 0|-107.376 0|
0 175.137|0 -66.1761|48.3295 0|-107.376 0|
0 175.137|0 -66.1761|48.3295 0|-107.376 0|
0 175.137|0 -66.1761|48.3295 0|-107.376 0|
0 175.137|0 -66.1761|48.3295 0|-107.376 0|
0 175.137|0 -66.1761|48.3295 0|-107.376 0|
0 64.8725|0 -67.1046|121.651 0|-35.5212 0|
0 64.8725|0 -67.1046|121.651 0|-35.5212 0|
0 64.8725|0 -67.1046|121.651 0|-35.5212 0|
0 64.8725|0 -67.1046|121.651 0|-35.5212 0|
0 64.8725|0 -67.1046|121.651 0|-35.5212 0|
0 64.8725|0 -67.1046|121.651 0|-35.5212 0|
0 64.8725|0 -67.1046|121.651 0|-35.5212 0|
0 64.8725|0 -67.1046|121.651 0|-35.5212 0|
0 64.8725|0 -67.1046|121.651 0|-35.5212 0|
0 64.8725|0 -67.1046|121.651 0|-35.5212 0|
0 151.191|0 -103.146|47.7707 0|-10.061 0|
0 151.191|0 -103.146|47.7707 0|-10.061 0|
0 151.191|0 -103.146|47.7707 0|-10.061 0|
0 151.191|0 -103.146|47.7707 0|-10.061 0|
0 151.191|0 -103.146|47.7707 0|-10.061 0|
0 151.191|0 -103.146|47.7707 0|-10.061 0|
0 151.191|0 -103.146|47.7707 0|-10.061 0|
0 151.191|0 -103.146|47.7707 0|-10.061 0|
0 151.191|0 -103.146|47.7707 0|-10.061 0|
0 151.191|0 -103.146|47.7707 0|-10.061 0|
0 122.577|0 -203.019|127.271 0|-30.585 0|
0 122.577|0 -203.019|127.271 0|-30.585 0|
0 122.577|0 -203.019|127.271 0|-30.585 0|
0 122.577|0 -203.019|127.271 0|-30.585 0|
0 122.577|0 -203.019|127.271 0|-30.585 0|
0 122.577|0 -203.019|127.271 0|-30.585 0|
0 122.577|0 -203.019|127.271 0|-30.585 0|
0 122.577|0 -203.019|127.271 0|-30.585 0|
0 122.577|0 -203.019|127.271 0|-30.585 0|
0 122.577|0 -203.019|127.271 0|-30.585 0|
0 79.7917|0 -93.0243|47.7875 0|-18.5741 0|
0 79.7917|0 -93.0243|47.7875 0|-18.5741 0|
0 79.7917|0 -93.0243|47.7875 0|-18.5741 0|
0 79.7917|0 -93.0243|47.7875 0|-18.5741 0|
0 79.7917|0 -93.0243|47.7875 0|-18.5741 0|
0 79.7917|0 -93.0243|47.7875 0|-18.5741 0|
0 79.7917|0 -93.0243|47.7875 0|-18.5741 0|
0 79.7917|0 -93.0243|47.7875 0|-18.5741 0|
0 79.7917|0 -93.0243|47.7875 0|-18.5741 0|
0 79.7917|0 -93.0243|47.7875 0|-18.5741 0|
0 145.403|0 -171.316|35.9296 0|-96.0606 0|
0 145.403|0 -171.316|35.9296 0|-96.0606 0|
0 145.403|0 -171.316|35.9296 0|-96.0606 0|
0 145.403|0 -171.316|35.9296 0|-96.0606 0|
0 145.403|0 -171.316|35.9296 0|-96.0606 0|
0 145.403|0 -171.316|35.9296 0|-96.0606 0|
0 145.403|0 -171.316|35.9296 0|-96.0606 0|
0 145.403|0 -171.316|35.9296 0|-96.0606 0|
0 145.403|0 -171.316|35.9296 0|-96.0606 0|
0 145.403|0 -171.316|35.9296 0|-96.0606 0|
0 98.5247|0 -94.4251|16.8339 0|-13.2653 0|
0 98.5247|0 -94.4251|16.8339 0|-13.2653 0|
0 98.5247|0 -94.4251|16.8339 0|-13.2653 0|
0 98.5247|0 -94.4251|16.8339 0|-13.2653 0|
0 98.5247|0 -94.4251|16.8339 0|-13.2653 0|
0 98.5247|0 -94.4251|16.8339 0|-13.2653 0|
0 98.5247|0 -94.4251|16.8339 0|-13.2653 0|
0 98.5247|0 -94.4251|16.8339 0|-13.2653 0|
0 98.5247|0 -94.4251|16.8339 0|-13.2653 0|
0 98.5247|0 -94.4251|16.8339 0|-13.2653 0|
0 138.559|0 -24.654|40.9309 0|-38.3638 0|
0 138.559|0 -24.654|40.9309 0|-38.3638 0|
0 138.559|0 -24.654|40.9309 0|-38.3638 0|
0 138.559|0 -24.654|40.9309 0|-38.3638 0|
0 138.559|0 -24.654|40.9309 0|-38.3638 0|
0 138.559|0 -24.654|40.9309 0|-38.3638 0|
0 138.559|0 -24.654|40.9309 0|-38.3638 0|
0 138.559|0 -24.654|40.9309 0|-38.3638 0|
0 138.559|0 -24.654|40.9309 0|-38.3638 0|
0 138.559|0 -24.654|40.9309 0|-38.3638 0|
0 80.6936|0 -91.5849|61.2304 0|-14.2666 0|
0 80.6936|0 -91.5849|61.2304 0|-14.2666 0|
0 80.6936|0 -91.5849|61.2304 0|-14.2666 0|
0 80.6936|0 -91.5849|61.2304 0|-14.2666 0|
0 80.6936|0 -91.5849|61.2304 0|-14.2666 0|
0 80.6936|0 -91.5849|61.2304 0|-14.2666 0|
0 80.6936|0 -91.5849|61.2304 0|-14.2666 0|
0 80.6936|0 -91.5849|61.2304 0|-14.2666 0|
0 80.6936|0 -91.5849|61.2304 0|-14.2666 0|
0 80.6936|0 -91.5849|61.2304 0|-14.2666 0|
0 121.938|0 -101.937|101.501 0|-9.74744 0|
0 121.938|0 -101.937|101.501 0|-9.74744 0|
0 121.938|0 -101.937|101.501 0|-9.74744 0|
0 121.938|0 -101.937|101.501 0|-9.74744 0|
0 121.938|0 -101.937|101.501 0|-9.74744 0|
0 121.938|0 -101.937|101.501 0|-9.74744 0|
0 121.938|0 -101.937|101.501 0|-9.74744 0|
0 121.938|0 -101.937|101.501 0|-9.74744 0|
0 121.938|0 -101.937|101.501 0|-9.74744 0|
