0 0|0 0|200 0|
0 0|0 0|200 0|
0 0|0 0|200 0|
0 0|0 0|200 0|
0 0|0 0|200 0|
0 0|0 0|200 0|
0 0|0 0|200 0|
0 0|0 0|200 0|
0 0|0 0|200 0|
0 0|0 0|200 0|
0 0|0 0|200 0|
0 0|0 0|200 0|
0 0|0 0|200 0|
0 0|0 0|200 0|
0 0|0 0|200 0|
0 0|0 0|199.491 0|
0 0|0 0|198.59 0|
0 0|0 0|198.59 0|
0 0|0 0|197.735 0|
0 0|0 0|197.393 -0.0639361|
0 0|0 0|197.393 -0.0639361|
0 0|0 0|196.923 -0.0639361|
0 0|0 0|196.923 -0.0639361|
0 0|0 0|196.501 -0.0639361|
0 0|0 0|196.501 -0.0639361|
0 0|0 0|196.077 -0.0639361|
0 0|0 0|196.077 -0.0639361|
0 0|0 0|195.677 -0.0639361|
0 0|0 0|195.167 -0.0639361|
0 0|0 0|195.167 -0.0639361|
0 0|0 0|194.871 -0.0639361|
0 0|0 0|193.371 -0.0639361|
0 0|0 0|193.371 -0.0639361|
0 0|0 0|193.061 -0.0639361|
0 0|0 0|192.569 -0.0639361|
0 0|0 0|192.268 -0.0639361|
0 0|0 0|192.268 -0.0639361|
0 0|0 0|192.173 -0.0639361|
0 0|0 0|192.173 -0.0639361|
0 0|0 0|192.173 -0.0639361|
0 0|0 0|191.452 -0.0639361|
0 0|0 0|190.582 -0.0639361|
0 0|0 0|190.582 -0.0639361|
0 0|0 0|190.582 -0.0639361|
0 0|0 0|190.582 -0.0639361|
0 0|0 0|190.242 -0.0636541|
0 0|0 0|190.242 -0.0633152|
0 0|0 0|190.242 -0.134791|
0 0|0 0|190.242 -0.134344|
0 0|0 0|190.242 -0.133841|
0 0|0 0|190.242 -0.133283|
0 0|0 0|190.242 -0.132671|
0 0|0 0|190.242 -0.132005|
0 0|0 0|190.242 -0.131285|
0 0|0 0|189.79 -0.130513|
0 0|0 0|189.79 -0.129689|
0 0|0 0|189.224 -0.128814|
0 0|0 0|189.224 -0.127889|
0 0|0 0|188.705 -0.126915|
0 0|0 0|188.705 -0.125893|
0 0|0 0|188.491 -0.124823|
0 0|0 0|188.491 -0.125628|
0 0|0 0|187.907 -0.127373|
0 0|0 0|187.541 -0.128863|
0 0|0 0|187.541 -0.130093|
0 0|0 0|187.447 -0.131059|
0 0|0 0|187.447 -0.131759|
0 0|0 0|187.295 -0.13219|
0 0|0 0|186.888 -0.132351|
0 0|0 0|186.587 -0.132242|
0 0|0 0|186.587 -0.232676|
0 0|0 0|186.587 -0.23204|
0 0|0 0|185.633 -0.231137|
0 0|0 0|185.341 -0.229969|
0 0|0 0|185.341 -0.228539|
0 0|0 0|185.341 -0.16476|
0 0|0 0|185.135 -0.164015|
0 0|0 0|185.135 -0.16426|
0 0|0 0|184.662 -0.164331|
0 0|0 0|184.662 -0.164228|
0 0|0 0|184.662 -0.14995|
0 0|0 0|184.16 -0.1495|
0 0|0 0|184.16 -0.148878|
0 0|0 0|184.16 -0.148085|
0 0|0 0|183.448 -0.147124|
0 0|0 0|183.448 -0.145998|
0 0|0 0|183.448 0.0176135|
0 0|0 0|183.349 0.014559|
0 0|0 0|182.817 0.0115399|
0 0|0 0|182.344 0.00855946|
0 0|0 0|182.014 0.00562066|
0 0|0 0|182.014 0.00272651|
0 0|0 0|182.014 -0.000120018|
0 0|0 0|182.014 -0.00291603|
0 0|0 0|182.014 -0.00565866|
0 0|0 0|182.014 -0.00834511|
0 0|0 0|181.93 -0.0109726|
0 0|0 0|181.734 -0.0135386|
0 0|0 0|181.734 -0.0160402|
0 0|0 0|181.526 -0.0184751|
0 0|0 0|181.138 0.119008|
0 0|0 0|181.138 0.116714|
0 0|0 0|181.138 0.114495|
0 0|0 0|180.811 0.112352|
0 0|0 0|180.811 0.0543431|
0 0|0 0|180.811 0.0543431|
0 0|0 0|180.811 0.0543431|
0 0|0 0|180.504 0.0543431|
0 0|0 0|180.43 0.0543431|
0 0|0 0|180.43 0.139982|
0 0|0 0|180.43 0.139982|
0 0|0 0|180.43 0.139982|
0 0|0 0|180.43 0.139982|
0 0|0 0|180.43 0.139982|
0 0|0 0|180.43 0.139982|
0 0|0 0|180.16 0.139982|
0 0|0 0|180.16 0.139982|
0 0|0 0|180.16 0.139982|
0 0|0 0|180.16 0.139982|
0 0|0 0|179.801 0.139982|
0 0|0 0|178.937 0.139982|
0 0|0 0|178.766 0.139982|
0 0|0 0|178.626 0.139982|
0 0|0 0|178.626 0.282585|
0 0|0 0|178.626 0.282585|
0 0|0 0|178.185 0.282585|
0 0|0 0|178.185 0.395127|
0 0|0 0|178.185 0.395127|
0 0|0 0|177.985 0.395127|
0 0|0 0|177.985 0.395127|
0 0|0 0|177.641 0.395127|
0 0|0 0|177.484 0.395127|
0 0|0 0|177.484 0.131196|
0 0|0 0|177.114 0.131196|
0 0|0 0|177.114 0.131196|
0 0|0 0|177.114 0.794354|
0 0|0 0|177.114 0.794354|
0 0|0 0|177.114 0.794354|
0 0|0 0|177.114 0.794354|
0 0|0 0|177.114 0.794354|
0 0|0 0|177.114 0.794354|
0 0|0 0|176.878 0.794354|
0 0|0 0|176.679 0.794354|
0 0|0 0|176.679 0.794354|
0 0|0 0|176.679 0.794354|
0 0|0 0|176.679 0.794354|
0 0|0 0|175.869 0.794354|
0 0|0 0|175.869 1.03022|
0 0|0 0|175.869 1.03022|
0 0|0 0|175.644 1.03022|
0 0|0 0|175.232 0.919139|
0 0|0 0|175.232 0.919139|
0 0|0 0|175.232 0.919139|
0 0|0 0|175.232 0.919139|
0 0|0 0|175.232 0.919139|
0 0|0 0|175.132 0.919139|
0 0|0 0|175.132 0.919139|
0 0|0 0|175.132 0.919139|
0 0|0 0|175.132 0.640477|
0 0|0 0|175.034 0.640477|
0 0|0 0|174.401 0.640477|
0 0|0 0|174.123 0.640477|
0 0|0 0|174.123 0.640477|
0 0|0 0|173.875 0.640477|
0 0|0 0|173.875 0.640477|
0 0|0 0|173.875 0.640477|
0 0|0 0|173.875 0.640477|
0 0|0 0|173.875 0.640477|
0 0|0 0|173.875 0.640477|
0 0|0 0|173.674 0.640477|
0 0|0 0|173.375 0.640477|
0 0|0 0|173.048 0.640477|
0 0|0 0|173.048 0.640477|
0 0|0 0|172.923 0.640477|
0 0|0 0|172.923 0.640477|
0 0|0 0|172.923 0.640477|
0 0|0 0|172.723 0.640477|
0 0|0 0|172.479 0.640477|
0 0|0 0|171.816 0.335141|
0 0|0 0|171.816 0.335141|
0 0|0 0|171.816 -0.175252|
0 0|0 0|171.816 -0.175252|
0 0|0 0|171.509 -0.175252|
0 0|0 0|171.285 -0.0662128|
0 0|0 0|171.285 -0.0662128|
0 0|0 0|171.01 -0.0662128|
0 0|0 0|170.856 -0.0662128|
0 0|0 0|170.514 -0.0662128|
0 0|0 0|170.275 -0.0662128|
0 0|0 0|170.275 -0.0662128|
0 0|0 0|170.275 -0.0662128|
0 0|0 0|169.821 -0.17416|
0 0|0 0|169.821 -0.17416|
0 0|0 0|169.49 -0.17416|
0 0|0 0|169.49 -0.17416|
0 0|0 0|169.49 -0.387815|
0 0|0 0|168.798 -0.387815|
0 0|0 0|168.798 -0.701331|
0 0|0 0|168.798 -0.699179|
0 0|0 0|168.436 -0.697126|
0 0|0 0|168.436 -0.695174|
0 0|0 0|168.436 -0.693326|
0 0|0 0|168.436 -0.691583|
0 0|0 0|168.436 -0.689948|
0 0|0 0|168.436 -0.688422|
0 0|0 0|168.436 -0.58487|
0 0|0 0|168.275 -0.583565|
0 0|0 0|167.945 -0.582374|
0 0|0 0|167.945 -0.581297|
0 0|0 0|167.945 -0.580335|
0 0|0 0|167.945 -0.57949|
0 0|0 0|167.945 -0.578762|
0 0|0 0|167.945 -0.578152|
0 0|0 0|167.41 -0.57766|
0 0|0 0|167.41 -0.577288|
0 0|0 0|167.41 -0.577035|
0 0|0 0|167.41 -0.576901|
0 0|0 0|167.41 -0.576888|
0 0|0 0|167.41 -0.4006|
0 0|0 0|167.41 -0.400826|
0 0|0 0|167.41 -0.401172|
0 0|0 0|167.41 -0.401638|
0 0|0 0|167.203 -0.402223|
0 0|0 0|166.975 -0.402927|
0 0|0 0|166.668 -0.403748|
0 0|0 0|166.211 -0.404686|
0 0|0 0|166.211 -0.12415|
0 0|0 0|166.211 -0.125318|
0 0|0 0|166.211 -0.0195223|
0 0|0 0|166.211 -0.0209151|
0 0|0 0|166.211 -0.0224181|
0 0|0 0|166.211 -0.0240296|
0 0|0 0|166.211 -0.0257481|
0 0|0 0|166.211 -0.0275718|
0 0|0 0|166.211 -0.0294988|
0 0|0 0|166.05 -0.0315272|
0 0|0 0|166.05 -0.0336548|
0 0|0 0|166.05 0.0893859|
0 0|0 0|166.05 0.0870661|
0 0|0 0|166.05 0.0846535|
0 0|0 0|166.05 0.0780936|
0 0|0 0|166.05 -0.0884585|
0 0|0 0|164.904 -0.0894666|
0 0|0 0|164.904 -0.0904413|
0 0|0 0|164.661 -0.0913816|
0 0|0 0|164.661 -0.0922864|
0 0|0 0|164.435 -0.0931549|
0 0|0 0|164.435 -0.0939862|
0 0|0 0|164.228 -0.908613|
0 0|0 0|163.753 -1.09739|
0 0|0 0|163.753 -1.36209|
0 0|0 0|163.753 -1.36282|
0 0|0 0|163.038 -1.3635|
0 0|0 0|163.038 -1.36414|
0 0|0 0|163.038 -1.34189|
0 0|0 0|162.597 -1.64201|
0 0|0 0|162.597 -1.64201|
0 0|0 0|162.087 -1.50583|
0 0|0 0|161.788 -1.50583|
0 0|0 0|161.788 -0.962886|
0 0|0 0|161.788 -0.962886|
0 0|0 0|161.788 -0.962886|
0 0|0 0|161.788 -0.874208|
0 0|0 0|161.475 -0.874208|
0 0|0 0|161.475 -0.874208|
0 0|0 0|161.475 -0.874208|
0 0|0 0|161.475 -0.874208|
0 0|0 0|161.252 -1.2226|
0 0|0 0|161.252 -1.2226|
0 0|0 0|161.252 -1.2226|
0 0|0 0|161.252 -1.2226|
0 0|0 0|161.252 -1.2226|
0 0|0 0|160.817 -1.2226|
0 0|0 0|160.542 -1.2226|
0 0|0 0|160.289 -1.4859|
0 0|0 0|160.289 -1.4859|
0 0|0 0|159.789 -1.4859|
0 0|0 0|159.789 -1.4859|
0 0|0 0|159.789 -1.4859|
0 0|0 0|159.516 -1.67523|
0 0|0 0|159.516 -1.67523|
0 0|0 0|159.516 -1.67523|
0 0|0 0|159.516 -1.67523|
0 0|0 0|159.413 -2.05547|
0 0|0 0|159.265 -2.05547|
0 0|0 0|159.265 -2.49937|
0 0|0 0|159.265 -2.49937|
0 0|0 0|159.265 -2.49937|
0 0|0 0|158.982 -2.49937|
0 0|0 0|158.982 -2.49937|
0 0|0 0|158.982 -2.49937|
0 0|0 0|158.717 -2.49937|
0 0|0 0|158.717 -2.04707|
0 0|0 0|158.717 -2.04707|
0 0|0 0|158.717 -2.04707|
0 0|0 0|158.717 -2.04707|
0 0|0 0|158.717 -2.04707|
0 0|0 0|158.717 -2.04707|
0 0|0 0|158.492 -1.86862|
0 0|0 0|158.492 -1.74933|
0 0|0 0|158.492 -1.74933|
0 0|0 0|158.05 -1.74933|
0 0|0 0|158.05 -1.70219|
0 0|0 0|158.05 -1.63098|
0 0|0 0|158.05 -1.63098|
0 0|0 0|157.689 -1.63098|
0 0|0 0|157.283 -1.63098|
0 0|0 0|157.283 -1.63098|
0 0|0 0|156.587 -1.63098|
0 0|0 0|156.26 -1.63098|
0 0|0 0|156.26 -1.45713|
0 0|0 0|156.26 -1.45713|
0 0|0 0|156.26 -1.45713|
0 0|0 0|156.26 -1.28123|
0 0|0 0|156.26 -1.28123|
0 0|0 0|156.26 -1.58594|
0 0|0 0|156.26 -1.58594|
0 0|0 0|156.26 -1.79421|
0 0|0 0|156.26 -1.79421|
0 0|0 0|156.127 -1.79421|
0 0|0 0|156.127 -1.79421|
0 0|0 0|156.127 -1.79421|
0 0|0 0|156.127 -1.79421|
0 0|0 0|156.127 -1.79421|
0 0|0 0|156.061 -1.79421|
0 0|0 0|155.943 -1.79421|
0 0|0 0|155.665 -1.99735|
0 0|0 0|155.534 -1.99735|
0 0|0 0|155.212 -1.99735|
0 0|0 0|155.052 -1.87408|
0 0|0 0|154.847 -1.87408|
0 0|0 0|154.847 -2.08243|
0 0|0 0|154.847 -2.08243|
0 0|0 0|154.847 -2.08243|
0 0|0 0|154.847 -2.08243|
0 0|0 0|154.847 -2.58177|
0 0|0 0|154.847 -2.58177|
0 0|0 0|154.847 -2.58177|
0 0|0 0|154.847 -2.86906|
0 0|0 0|154.847 -2.6181|
0 0|0 0|154.847 -2.6181|
0 0|0 0|154.847 -2.6181|
0 0|0 0|154.459 -2.08832|
0 0|0 0|154.369 -2.15937|
0 0|0 0|154.369 -1.94875|
0 0|0 0|154.369 -1.94875|
0 0|0 0|154.131 -1.94875|
0 0|0 0|153.362 -1.94875|
0 0|0 0|153.362 -1.94875|
0 0|0 0|153.232 -2.07811|
0 0|0 0|153.232 -2.07811|
0 0|0 0|153.232 -2.37176|
0 0|0 0|152.967 -2.03756|
0 0|0 0|152.955 -2.03756|
0 0|0 0|152.837 -2.03756|
0 0|0 0|152.837 -2.2551|
0 0|0 0|152.837 -1.9331|
0 0|0 0|152.576 -1.9331|
0 0|0 0|152.459 -1.9331|
0 0|0 0|152.459 -1.9331|
0 0|0 0|152.459 -1.9331|
0 0|0 0|152.459 -1.9331|
0 0|0 0|152.168 -1.9331|
0 0|0 0|151.85 -1.9331|
0 0|0 0|151.85 -1.9331|
0 0|0 0|151.85 -1.9331|
0 0|0 0|151.773 -1.9331|
0 0|0 0|151.773 -1.9331|
0 0|0 0|151.717 -1.9331|
0 0|0 0|151.438 -1.9331|
0 0|0 0|151.438 -1.9331|
0 0|0 0|151.438 -1.9331|
0 0|0 0|151.438 -1.9331|
0 0|0 0|151.438 -1.9331|
0 0|0 0|151.438 -1.9331|
0 0|0 0|151.308 -1.9331|
0 0|0 0|151.308 -2.09488|
0 0|0 0|151.308 -2.09488|
0 0|0 0|151.308 -2.09488|
0 0|0 0|151.308 -2.09488|
0 0|0 0|151.308 -2.09488|
0 0|0 0|151.308 -1.87529|
0 0|0 0|151.308 -1.66782|
0 0|0 0|151.308 -1.66782|
0 0|0 0|151.308 -1.66782|
0 0|0 0|151.065 -1.66782|
0 0|0 0|151.065 -1.66782|
0 0|0 0|151.065 -1.66782|
0 0|0 0|151.043 -1.66782|
0 0|0 0|151.043 -1.76883|
0 0|0 0|150.94 -1.76883|
0 0|0 0|150.587 -1.76883|
0 0|0 0|150.587 -1.76883|
0 0|0 0|150.587 -1.44799|
0 0|0 0|150.487 -1.44799|
0 0|0 0|150.487 -1.44799|
0 0|0 0|150.487 -1.29742|
0 0|0 0|150.386 -1.29742|
0 0|0 0|150.065 -1.29742|
0 0|0 0|150.065 -1.4631|
0 0|0 0|150.065 -1.4631|
0 0|0 0|150.065 -1.4631|
0 0|0 0|150.065 -1.4631|
0 0|0 0|150.065 -1.4631|
0 0|0 0|149.784 -1.4631|
0 0|0 0|149.784 -1.67283|
0 0|0 0|149.784 -1.67283|
0 0|0 0|149.784 -1.67283|
0 0|0 0|149.389 -1.37251|
0 0|0 0|149.389 -1.37251|
0 0|0 0|149.389 -1.37251|
0 0|0 0|149.389 -1.61832|
0 0|0 0|149.051 -1.2989|
0 0|0 0|149.051 -1.2989|
0 0|0 0|149.051 -1.2989|
0 0|0 0|149.051 -1.2989|
0 0|0 0|148.926 -1.29728|
0 0|0 0|148.926 -1.57978|
0 0|0 0|148.728 -1.57978|
0 0|0 0|148.728 -1.57978|
0 0|0 0|148.728 -1.57978|
0 0|0 0|148.701 -1.57978|
0 0|0 0|148.701 -1.57978|
0 0|0 0|148.473 -1.57978|
0 0|0 0|148.301 -1.57978|
0 0|0 0|148.185 -1.4572|
0 0|0 0|147.995 -1.4572|
0 0|0 0|147.583 -1.76524|
0 0|0 0|147.583 -1.68993|
0 0|0 0|147.583 -1.68993|
0 0|0 0|147.583 -1.68993|
0 0|0 0|147.583 -1.52514|
0 0|0 0|147.583 -1.52514|
0 0|0 0|147.583 -1.52514|
0 0|0 0|147.583 -1.32722|
0 0|0 0|147.583 -1.22464|
0 0|0 0|147.583 -1.22464|
0 0|0 0|147.392 -1.22464|
0 0|0 0|147.392 -1.47615|
0 0|0 0|147.392 -1.20066|
0 0|0 0|147.392 -1.20066|
0 0|0 0|147.392 -1.42862|
0 0|0 0|147.392 -1.66881|
0 0|0 0|147.392 -2.1272|
0 0|0 0|147.392 -2.1272|
0 0|0 0|147.392 -2.27181|
0 0|0 0|146.864 -2.27181|
0 0|0 0|146.864 -2.27181|
0 0|0 0|146.678 -1.94831|
0 0|0 0|146.678 -1.94831|
0 0|0 0|146.564 -1.94831|
0 0|0 0|146.564 -2.08491|
0 0|0 0|146.564 -2.08491|
0 0|0 0|146.329 -2.21082|
0 0|0 0|146.329 -2.0402|
0 0|0 0|146.329 -2.0402|
0 0|0 0|146.138 -2.0402|
0 0|0 0|146.138 -2.0402|
0 0|0 0|145.772 -2.17372|
0 0|0 0|145.772 -2.17372|
0 0|0 0|145.772 -2.17372|
0 0|0 0|145.772 -2.17372|
0 0|0 0|145.772 -2.17372|
0 0|0 0|145.638 -2.36879|
0 0|0 0|145.638 -2.36879|
0 0|0 0|145.638 -2.36879|
0 0|0 0|145.638 -2.36879|
0 0|0 0|145.638 -2.36879|
0 0|0 0|145.638 -2.36879|
0 0|0 0|145.638 -2.36879|
0 0|0 0|145.638 -2.47653|
0 0|0 0|145.638 -2.47653|
0 0|0 0|145.638 -2.47653|
0 0|0 0|145.638 -2.47653|
0 0|0 0|145.638 -2.47653|
0 0|0 0|145.638 -2.47653|
0 0|0 0|145.638 -2.47653|
0 0|0 0|145.638 -2.47653|
0 0|0 0|145.638 -2.47653|
0 0|0 0|145.477 -2.47653|
0 0|0 0|145.477 -2.14123|
0 0|0 0|145.477 -2.23505|
0 0|0 0|145.477 -2.23505|
0 0|0 0|145.477 -2.23505|
0 0|0 0|145.477 -2.23505|
0 0|0 0|145.477 -2.23505|
0 0|0 0|145.477 -2.23505|
0 0|0 0|145.107 -2.23505|
0 0|0 0|145.107 -2.23505|
0 0|0 0|145.107 -2.23505|
0 0|0 0|145.107 -2.23505|
0 0|0 0|145.107 -2.23505|
0 0|0 0|145.066 -2.23505|
0 0|0 0|145.066 -2.23505|
0 0|0 0|145.066 -2.23505|
0 0|0 0|145.066 -2.23505|
0 0|0 0|145.066 -2.23505|
0 0|0 0|145.066 -2.23505|
0 0|0 0|145.066 -2.23505|
0 0|0 0|145.066 -2.23505|
0 0|0 0|145.066 -2.23505|
0 0|0 0|145.066 -2.39147|
0 0|0 0|145.066 -2.39147|
0 0|0 0|145.066 -2.39147|
0 0|0 0|145.033 -2.39147|
0 0|0 0|144.867 -2.39147|
0 0|0 0|144.867 -2.08966|
0 0|0 0|144.867 -2.08966|
0 0|0 0|144.551 -2.08966|
0 0|0 0|144.551 -2.08966|
0 0|0 0|144.551 -2.38781|
0 0|0 0|144.551 -2.38781|
0 0|0 0|144.551 -2.47379|
0 0|0 0|144.551 -2.47379|
0 0|0 0|144.551 -2.47379|
0 0|0 0|144.551 -2.47379|
0 0|0 0|144.551 -2.47379|
0 0|0 0|144.551 -2.47379|
0 0|0 0|144.551 -2.47379|
0 0|0 0|144.551 -2.47379|
0 0|0 0|144.551 -2.47379|
0 0|0 0|144.551 -2.47379|
0 0|0 0|144.353 -2.47379|
0 0|0 0|144.353 -2.47379|
0 0|0 0|144.226 -2.54141|
0 0|0 0|144.129 -2.54141|
0 0|0 0|143.942 -2.54141|
0 0|0 0|143.942 -2.54141|
0 0|0 0|143.942 -2.54141|
0 0|0 0|143.89 -2.54141|
0 0|0 0|143.89 -2.54141|
0 0|0 0|143.89 -2.54141|
0 0|0 0|143.89 -2.54141|
0 0|0 0|143.89 -2.54141|
0 0|0 0|143.89 -2.54141|
0 0|0 0|143.89 -2.54141|
0 0|0 0|143.89 -2.54141|
0 0|0 0|143.89 -2.54141|
0 0|0 0|143.705 -2.54141|
0 0|0 0|143.705 -2.54141|
0 0|0 0|143.548 -2.54141|
0 0|0 0|143.548 -2.54141|
0 0|0 0|143.548 -2.54141|
0 0|0 0|143.548 -2.54141|
0 0|0 0|143.548 -2.54141|
0 0|0 0|143.548 -2.54141|
0 0|0 0|143.548 -2.54141|
0 0|0 0|143.548 -2.54141|
0 0|0 0|143.548 -2.54141|
0 0|0 0|143.548 -2.54141|
0 0|0 0|143.548 -2.54141|
0 0|0 0|143.548 -2.54141|
0 0|0 0|143.548 -2.54141|
0 0|0 0|143.548 -2.54141|
0 0|0 0|143.548 -2.50624|
0 0|0 0|143.548 -2.50624|
0 0|0 0|143.548 -2.50624|
0 0|0 0|143.548 -2.50624|
0 0|0 0|143.548 -2.50624|
0 0|0 0|143.548 -2.50624|
0 0|0 0|143.35 -2.50624|
0 0|0 0|143.35 -2.50624|
0 0|0 0|143.35 -2.50624|
0 0|0 0|143.35 -2.46618|
0 0|0 0|143.35 -2.46618|
0 0|0 0|143.35 -2.58944|
0 0|0 0|143.35 -2.58944|
0 0|0 0|143.35 -2.58944|
0 0|0 0|143.35 -2.58944|
0 0|0 0|143.35 -2.259|
0 0|0 0|143.218 -2.259|
0 0|0 0|143.218 -2.50464|
0 0|0 0|143.218 -2.50464|
0 0|0 0|143.218 -2.50464|
0 0|0 0|143.218 -2.50464|
0 0|0 0|143.218 -2.24021|
0 0|0 0|143.138 -2.52359|
0 0|0 0|143.138 -2.52359|
0 0|0 0|143.138 -2.52359|
0 0|0 0|143.138 -2.52359|
0 0|0 0|143.138 -2.52359|
0 0|0 0|143.138 -2.52359|
0 0|0 0|143.138 -2.52359|
0 0|0 0|143.138 -2.52359|
0 0|0 0|143.138 -2.52359|
0 0|0 0|143.138 -2.52359|
0 0|0 0|143.138 -2.40271|
0 0|0 0|143.138 -2.40271|
0 0|0 0|143.138 -2.40271|
0 0|0 0|143.138 -2.40271|
0 0|0 0|143.138 -2.40271|
0 0|0 0|143.138 -2.40271|
0 0|0 0|143.138 -2.40271|
0 0|0 0|143.138 -2.40271|
0 0|0 0|143.138 -2.40271|
0 0|0 0|143.138 -2.40271|
0 0|0 0|143.028 -2.34418|
0 0|0 0|143.028 -2.34418|
0 0|0 0|143.028 -2.34418|
0 0|0 0|143.028 -2.34418|
0 0|0 0|143.028 -2.34418|
0 0|0 0|143.028 -2.34418|
0 0|0 0|142.91 -2.34418|
0 0|0 0|142.91 -2.34418|
0 0|0 0|142.91 -2.40374|
0 0|0 0|142.91 -2.40374|
0 0|0 0|142.91 -2.40374|
0 0|0 0|142.91 -2.40374|
0 0|0 0|142.91 -2.40374|
0 0|0 0|142.91 -2.40374|
